,LMZSDY
1989-01-04,1705.0
1989-01-05,1695.0
1989-01-06,1655.0
1989-01-09,1680.0
1989-01-10,1685.0
1989-01-11,1680.0
1989-01-12,1689.0
1989-01-13,1730.0
1989-01-16,1765.0
1989-01-17,1770.0
1989-01-18,1755.0
1989-01-19,1759.0
1989-01-20,1805.0
1989-01-23,1833.0
1989-01-24,1857.0
1989-01-25,1840.0
1989-01-26,1885.0
1989-01-27,1965.0
1989-01-30,1935.0
1989-01-31,1880.0
1989-02-01,1910.0
1989-02-02,1945.0
1989-02-03,1955.0
1989-02-06,1945.0
1989-02-07,1880.0
1989-02-08,1910.0
1989-02-09,1905.0
1989-02-10,2030.0
1989-02-13,2020.0
1989-02-14,2075.0
1989-02-15,1990.0
1989-02-16,2005.0
1989-02-17,2070.0
1989-02-20,2090.0
1989-02-21,2085.0
1989-02-22,2085.0
1989-02-23,2070.0
1989-02-24,2050.0
1989-02-27,2055.0
1989-02-28,2050.0
1989-03-01,2088.0
1989-03-02,2130.0
1989-03-03,2110.0
1989-03-06,2115.0
1989-03-07,2070.0
1989-03-08,2080.0
1989-03-09,2055.0
1989-03-10,2085.0
1989-03-13,2075.0
1989-03-14,2025.0
1989-03-15,2005.0
1989-03-16,1940.0
1989-03-17,1946.0
1989-03-20,1843.0
1989-03-21,1818.0
1989-03-22,1805.0
1989-03-23,1885.0
1989-03-28,1886.0
1989-03-29,1870.0
1989-03-30,1808.0
1989-03-31,1778.0
1989-04-03,1740.0
1989-04-04,1720.0
1989-04-05,1718.0
1989-04-06,1685.0
1989-04-07,1707.0
1989-04-10,1724.0
1989-04-11,1745.0
1989-04-12,1700.0
1989-04-13,1657.0
1989-04-14,1615.0
1989-04-17,1605.0
1989-04-18,1580.0
1989-04-19,1609.0
1989-04-20,1683.0
1989-04-21,1698.0
1989-04-24,1707.0
1989-04-25,1665.0
1989-04-26,1635.0
1989-04-27,1690.0
1989-04-28,1710.0
1989-05-02,1617.0
1989-05-03,1622.0
1989-05-04,1602.0
1989-05-05,1700.0
1989-05-08,1718.0
1989-05-09,1683.0
1989-05-10,1721.0
1989-05-11,1705.0
1989-05-12,1750.0
1989-05-15,1757.0
1989-05-16,1795.0
1989-05-17,1785.0
1989-05-18,1785.0
1989-05-19,1752.0
1989-05-22,1765.0
1989-05-23,1765.0
1989-05-24,1785.0
1989-05-25,1780.0
1989-05-26,1768.0
1989-05-30,1735.0
1989-05-31,1670.0
1989-06-01,1630.0
1989-06-02,1590.0
1989-06-05,1605.0
1989-06-06,1595.0
1989-06-07,1635.0
1989-06-08,1640.0
1989-06-09,1620.0
1989-06-12,1627.0
1989-06-13,1629.0
1989-06-14,1675.0
1989-06-15,1710.0
1989-06-16,1740.0
1989-06-19,1700.0
1989-06-20,1730.0
1989-06-21,1680.0
1989-06-22,1633.0
1989-06-23,1650.0
1989-06-26,1800.0
1989-06-27,1745.0
1989-06-28,1675.0
1989-06-29,1695.0
1989-06-30,1730.0
1989-07-03,1635.0
1989-07-04,1622.0
1989-07-05,1670.0
1989-07-06,1640.0
1989-07-07,1695.0
1989-07-10,1675.0
1989-07-11,1616.0
1989-07-12,1658.0
1989-07-13,1691.0
1989-07-14,1745.0
1989-07-17,1653.0
1989-07-18,1655.0
1989-07-19,1677.0
1989-07-20,1692.0
1989-07-21,1707.0
1989-07-24,1675.0
1989-07-25,1700.0
1989-07-26,1671.0
1989-07-27,1670.0
1989-07-28,1655.0
1989-07-31,1650.0
1989-08-01,1677.0
1989-08-02,1682.0
1989-08-03,1690.0
1989-08-04,1710.0
1989-08-07,1683.0
1989-08-08,1679.0
1989-08-09,1705.0
1989-08-10,1797.0
1989-08-11,1800.0
1989-08-14,1767.0
1989-08-15,1775.0
1989-08-16,1819.0
1989-08-17,1885.0
1989-08-18,1950.0
1989-08-21,1948.0
1989-08-22,1932.0
1989-08-23,1950.0
1989-08-24,1952.0
1989-08-25,1850.0
1989-08-29,1830.0
1989-08-30,1861.0
1989-08-31,1890.0
1989-09-01,1895.0
1989-09-04,1805.0
1989-09-05,1675.0
1989-09-06,1678.0
1989-09-07,1651.0
1989-09-08,1645.0
1989-09-11,1580.0
1989-09-12,1610.0
1989-09-13,1625.0
1989-09-14,1655.0
1989-09-15,1680.0
1989-09-18,1632.0
1989-09-19,1671.0
1989-09-20,1640.0
1989-09-21,1637.0
1989-09-22,1631.0
1989-09-25,1665.0
1989-09-26,1645.0
1989-09-27,1648.0
1989-09-28,1663.0
1989-09-29,1679.0
1989-10-02,1712.0
1989-10-03,1672.0
1989-10-04,1670.0
1989-10-05,1668.0
1989-10-06,1668.0
1989-10-09,1663.0
1989-10-10,1687.0
1989-10-11,1677.0
1989-10-12,1686.0
1989-10-13,1680.0
1989-10-16,1646.0
1989-10-17,1688.0
1989-10-18,1662.0
1989-10-19,1660.0
1989-10-20,1625.0
1989-10-23,1580.0
1989-10-24,1556.0
1989-10-25,1524.0
1989-10-26,1500.0
1989-10-27,1536.0
1989-10-30,1570.0
1989-10-31,1544.0
1989-11-01,1542.0
1989-11-02,1490.0
1989-11-03,1480.0
1989-11-06,1471.0
1989-11-07,1508.0
1989-11-08,1508.0
1989-11-09,1496.0
1989-11-10,1484.0
1989-11-13,1467.0
1989-11-14,1485.0
1989-11-15,1465.0
1989-11-16,1475.0
1989-11-17,1451.0
1989-11-20,1406.0
1989-11-21,1430.0
1989-11-22,1380.0
1989-11-23,1365.0
1989-11-24,1362.0
1989-11-27,1384.0
1989-11-28,1390.0
1989-11-29,1412.0
1989-11-30,1417.0
1989-12-01,1416.0
1989-12-04,1427.0
1989-12-05,1480.0
1989-12-06,1555.0
1989-12-07,1517.0
1989-12-08,1498.0
1989-12-11,1500.0
1989-12-12,1496.0
1989-12-13,1550.0
1989-12-14,1616.0
1989-12-15,1640.0
1989-12-18,1630.0
1989-12-19,1503.0
1989-12-20,1520.0
1989-12-21,1480.0
1989-12-22,1515.0
1989-12-27,1540.0
1989-12-28,1420.0
1989-12-29,1338.0
1990-01-02,1310.0
1990-01-03,1363.0
1990-01-04,1322.0
1990-01-05,1330.0
1990-01-08,1340.0
1990-01-09,1362.0
1990-01-10,1344.0
1990-01-11,1312.0
1990-01-12,1277.0
1990-01-15,1261.0
1990-01-16,1261.0
1990-01-17,1260.0
1990-01-18,1252.0
1990-01-19,1259.0
1990-01-22,1273.0
1990-01-23,1265.0
1990-01-24,1286.0
1990-01-25,1286.0
1990-01-26,1261.0
1990-01-29,1297.0
1990-01-30,1281.0
1990-01-31,1270.0
1990-02-01,1297.0
1990-02-02,1321.0
1990-02-05,1341.0
1990-02-06,1316.0
1990-02-07,1329.0
1990-02-08,1377.0
1990-02-09,1420.0
1990-02-12,1387.0
1990-02-13,1364.0
1990-02-14,1373.0
1990-02-15,1388.0
1990-02-16,1420.0
1990-02-19,1428.0
1990-02-20,1452.0
1990-02-21,1436.0
1990-02-22,1466.0
1990-02-23,1449.0
1990-02-26,1442.0
1990-02-27,1436.0
1990-02-28,1473.0
1990-03-01,1513.0
1990-03-02,1540.0
1990-03-05,1515.0
1990-03-06,1547.0
1990-03-07,1592.0
1990-03-08,1680.0
1990-03-09,1656.0
1990-03-12,1628.0
1990-03-13,1687.0
1990-03-14,1740.0
1990-03-15,1720.0
1990-03-16,1738.0
1990-03-19,1780.0
1990-03-20,1780.0
1990-03-21,1767.0
1990-03-22,1786.0
1990-03-23,1738.0
1990-03-26,1676.0
1990-03-27,1695.0
1990-03-28,1655.0
1990-03-29,1641.0
1990-03-30,1605.0
1990-04-02,1598.0
1990-04-03,1665.0
1990-04-04,1720.0
1990-04-05,1750.0
1990-04-06,1719.0
1990-04-09,1686.0
1990-04-10,1693.0
1990-04-11,1631.0
1990-04-12,1668.0
1990-04-17,1646.0
1990-04-18,1642.0
1990-04-19,1625.0
1990-04-20,1625.0
1990-04-23,1655.0
1990-04-24,1700.0
1990-04-25,1755.0
1990-04-26,1746.0
1990-04-27,1765.0
1990-04-30,1760.0
1990-05-01,1770.0
1990-05-02,1752.0
1990-05-03,1788.0
1990-05-04,1773.0
1990-05-08,1795.0
1990-05-09,1850.0
1990-05-10,1870.0
1990-05-11,1837.0
1990-05-14,1815.0
1990-05-15,1795.0
1990-05-16,1751.0
1990-05-17,1777.0
1990-05-18,1722.0
1990-05-21,1710.0
1990-05-22,1770.0
1990-05-23,1736.0
1990-05-24,1779.0
1990-05-25,1763.0
1990-05-29,1753.0
1990-05-30,1749.0
1990-05-31,1738.0
1990-06-01,1749.0
1990-06-04,1767.0
1990-06-05,1755.0
1990-06-06,1750.0
1990-06-07,1695.0
1990-06-08,1678.0
1990-06-11,1685.0
1990-06-12,1698.0
1990-06-13,1678.0
1990-06-14,1662.0
1990-06-15,1679.0
1990-06-18,1700.0
1990-06-19,1698.0
1990-06-20,1700.0
1990-06-21,1678.0
1990-06-22,1695.0
1990-06-25,1740.0
1990-06-26,1727.0
1990-06-27,1770.0
1990-06-28,1758.0
1990-06-29,1767.0
1990-07-02,1705.0
1990-07-03,1705.0
1990-07-04,1660.0
1990-07-05,1675.0
1990-07-06,1742.0
1990-07-09,1796.0
1990-07-10,1786.0
1990-07-11,1769.0
1990-07-12,1756.0
1990-07-13,1732.0
1990-07-16,1624.0
1990-07-17,1535.0
1990-07-18,1535.0
1990-07-19,1560.0
1990-07-20,1563.0
1990-07-23,1592.0
1990-07-24,1573.0
1990-07-25,1563.0
1990-07-26,1582.0
1990-07-27,1584.0
1990-07-30,1517.0
1990-07-31,1482.0
1990-08-01,1546.0
1990-08-02,1598.0
1990-08-03,1577.0
1990-08-06,1582.0
1990-08-07,1610.0
1990-08-08,1652.0
1990-08-09,1655.0
1990-08-10,1626.0
1990-08-13,1621.0
1990-08-14,1602.0
1990-08-15,1606.0
1990-08-16,1607.0
1990-08-17,1597.0
1990-08-20,1602.0
1990-08-21,1568.0
1990-08-22,1615.0
1990-08-23,1610.0
1990-08-24,1642.0
1990-08-28,1676.0
1990-08-29,1655.0
1990-08-30,1655.0
1990-08-31,1655.0
1990-09-03,1632.0
1990-09-04,1599.0
1990-09-05,1565.0
1990-09-06,1574.0
1990-09-07,1615.0
1990-09-10,1630.0
1990-09-11,1627.0
1990-09-12,1610.0
1990-09-13,1620.0
1990-09-14,1600.0
1990-09-17,1595.0
1990-09-18,1519.0
1990-09-19,1498.0
1990-09-20,1552.0
1990-09-21,1455.0
1990-09-24,1415.0
1990-09-25,1418.0
1990-09-26,1442.0
1990-09-27,1416.0
1990-09-28,1397.0
1990-10-01,1385.0
1990-10-02,1348.0
1990-10-03,1352.0
1990-10-04,1401.0
1990-10-05,1430.0
1990-10-08,1415.0
1990-10-09,1373.0
1990-10-10,1348.0
1990-10-11,1370.0
1990-10-12,1357.0
1990-10-15,1350.0
1990-10-16,1359.0
1990-10-17,1327.0
1990-10-18,1352.0
1990-10-19,1361.0
1990-10-22,1338.0
1990-10-23,1338.0
1990-10-24,1334.0
1990-10-25,1331.0
1990-10-26,1326.0
1990-10-29,1341.0
1990-10-30,1303.0
1990-10-31,1290.0
1990-11-01,1301.0
1990-11-02,1293.0
1990-11-05,1292.0
1990-11-06,1280.0
1990-11-07,1273.0
1990-11-08,1262.0
1990-11-09,1277.0
1990-11-12,1305.0
1990-11-13,1272.0
1990-11-14,1275.0
1990-11-15,1284.0
1990-11-16,1310.0
1990-11-19,1294.0
1990-11-20,1283.0
1990-11-21,1269.0
1990-11-22,1272.0
1990-11-23,1290.0
1990-11-26,1277.0
1990-11-27,1268.0
1990-11-28,1252.0
1990-11-29,1262.0
1990-11-30,1237.0
1990-12-03,1241.0
1990-12-04,1251.0
1990-12-05,1245.0
1990-12-06,1244.0
1990-12-07,1276.0
1990-12-10,1277.0
1990-12-11,1305.0
1990-12-12,1322.0
1990-12-13,1306.0
1990-12-14,1285.0
1990-12-17,1253.0
1990-12-18,1255.5
1990-12-19,1251.0
1990-12-20,1240.0
1990-12-21,1259.0
1990-12-27,1259.5
1990-12-28,1251.0
1991-01-02,1258.0
1991-01-03,1256.0
1991-01-04,1264.0
1991-01-07,1268.0
1991-01-08,1278.0
1991-01-09,1265.0
1991-01-10,1260.0
1991-01-11,1256.0
1991-01-14,1248.0
1991-01-15,1162.0
1991-01-16,1155.0
1991-01-17,1187.0
1991-01-18,1183.0
1991-01-21,1178.0
1991-01-22,1173.0
1991-01-23,1179.0
1991-01-24,1170.5
1991-01-25,1176.0
1991-01-28,1172.0
1991-01-29,1160.0
1991-01-30,1140.0
1991-01-31,1162.0
1991-02-01,1142.0
1991-02-04,1187.0
1991-02-05,1155.0
1991-02-06,1171.0
1991-02-07,1167.5
1991-02-08,1178.0
1991-02-11,1178.0
1991-02-12,1184.0
1991-02-13,1196.0
1991-02-14,1223.0
1991-02-15,1212.5
1991-02-18,1194.0
1991-02-19,1184.0
1991-02-20,1181.0
1991-02-21,1187.0
1991-02-22,1198.0
1991-02-25,1194.0
1991-02-26,1217.0
1991-02-27,1213.0
1991-02-28,1215.0
1991-03-01,1215.0
1991-03-04,1228.0
1991-03-05,1219.0
1991-03-06,1216.0
1991-03-07,1216.0
1991-03-08,1210.0
1991-03-11,1198.0
1991-03-12,1182.0
1991-03-13,1195.0
1991-03-14,1193.0
1991-03-15,1188.0
1991-03-18,1198.0
1991-03-19,1191.0
1991-03-20,1182.0
1991-03-21,1182.0
1991-03-22,1191.0
1991-03-25,1191.5
1991-03-26,1200.0
1991-03-27,1191.0
1991-03-28,1196.0
1991-04-02,1203.0
1991-04-03,1220.0
1991-04-04,1232.0
1991-04-05,1229.0
1991-04-08,1247.0
1991-04-09,1255.0
1991-04-10,1290.0
1991-04-11,1288.0
1991-04-12,1340.0
1991-04-15,1355.0
1991-04-16,1435.0
1991-04-17,1425.0
1991-04-18,1230.0
1991-04-19,1200.0
1991-04-22,1225.0
1991-04-23,1255.0
1991-04-24,1225.0
1991-04-25,1260.0
1991-04-26,1150.0
1991-04-29,1152.0
1991-04-30,1159.0
1991-05-01,1157.5
1991-05-02,1148.0
1991-05-03,1137.0
1991-05-07,1111.0
1991-05-08,1106.0
1991-05-09,1094.0
1991-05-10,1087.5
1991-05-13,1071.0
1991-05-14,1074.0
1991-05-15,1075.0
1991-05-16,1081.0
1991-05-17,1092.0
1991-05-20,1086.0
1991-05-21,1087.0
1991-05-22,1092.0
1991-05-23,1083.5
1991-05-24,1073.0
1991-05-28,1072.5
1991-05-29,1070.5
1991-05-30,1062.5
1991-05-31,1055.5
1991-06-03,1055.0
1991-06-04,1052.0
1991-06-05,1056.0
1991-06-06,1057.0
1991-06-07,1062.5
1991-06-10,1060.0
1991-06-11,1073.0
1991-06-12,1098.0
1991-06-13,1106.0
1991-06-14,1087.5
1991-06-17,1063.0
1991-06-18,1046.5
1991-06-19,1049.0
1991-06-20,1053.0
1991-06-21,1050.0
1991-06-24,1036.5
1991-06-25,1038.5
1991-06-26,1065.5
1991-06-27,1066.0
1991-06-28,1065.0
1991-07-01,1078.0
1991-07-02,1069.0
1991-07-03,1072.0
1991-07-04,1073.0
1991-07-05,1073.0
1991-07-08,1080.0
1991-07-09,1080.5
1991-07-10,1051.0
1991-07-11,1051.0
1991-07-12,1063.0
1991-07-15,1051.0
1991-07-16,1056.0
1991-07-17,1060.0
1991-07-18,1073.0
1991-07-19,1056.5
1991-07-22,1072.0
1991-07-23,1063.0
1991-07-24,1059.0
1991-07-25,1055.5
1991-07-26,1059.0
1991-07-29,1059.0
1991-07-30,1053.0
1991-07-31,1056.0
1991-08-01,1056.5
1991-08-02,1053.5
1991-08-05,1059.0
1991-08-06,1059.0
1991-08-07,1059.5
1991-08-08,1065.0
1991-08-09,1062.0
1991-08-12,1062.5
1991-08-13,1056.0
1991-08-14,1057.5
1991-08-15,1057.5
1991-08-16,1056.5
1991-08-19,1043.0
1991-08-20,1034.0
1991-08-21,1036.0
1991-08-22,1046.0
1991-08-23,1037.0
1991-08-27,1029.0
1991-08-28,1013.5
1991-08-29,1019.5
1991-08-30,1017.5
1991-09-02,1022.5
1991-09-03,1025.0
1991-09-04,1024.0
1991-09-05,1026.0
1991-09-06,1023.5
1991-09-09,1028.5
1991-09-10,1026.0
1991-09-11,1030.0
1991-09-12,1028.0
1991-09-13,1030.5
1991-09-16,1028.5
1991-09-17,1024.5
1991-09-18,1029.5
1991-09-19,1027.0
1991-09-20,1026.0
1991-09-23,1021.5
1991-09-24,1008.0
1991-09-25,1016.5
1991-09-26,1015.5
1991-09-27,1017.5
1991-09-30,1016.5
1991-10-01,1003.5
1991-10-02,998.0
1991-10-03,988.0
1991-10-04,999.0
1991-10-07,995.0
1991-10-08,1001.0
1991-10-09,993.5
1991-10-10,993.0
1991-10-11,991.5
1991-10-14,986.0
1991-10-15,973.0
1991-10-16,976.5
1991-10-17,993.0
1991-10-18,990.5
1991-10-21,977.0
1991-10-22,982.5
1991-10-23,986.5
1991-10-24,1000.5
1991-10-25,1004.0
1991-10-28,999.0
1991-10-29,995.5
1991-10-30,997.5
1991-10-31,994.0
1991-11-01,987.0
1991-11-04,990.0
1991-11-05,992.0
1991-11-06,1002.5
1991-11-07,1021.5
1991-11-08,1033.0
1991-11-11,1036.0
1991-11-12,1032.0
1991-11-13,1048.5
1991-11-14,1051.0
1991-11-15,1109.0
1991-11-18,1094.0
1991-11-19,1104.0
1991-11-20,1155.0
1991-11-21,1184.0
1991-11-22,1196.5
1991-11-25,1179.5
1991-11-26,1180.0
1991-11-27,1176.0
1991-11-28,1191.0
1991-11-29,1206.0
1991-12-02,1218.5
1991-12-03,1234.0
1991-12-04,1229.0
1991-12-05,1212.0
1991-12-06,1220.0
1991-12-09,1221.0
1991-12-10,1202.0
1991-12-11,1201.0
1991-12-12,1207.0
1991-12-13,1183.0
1991-12-16,1142.0
1991-12-17,1163.0
1991-12-18,1141.0
1991-12-19,1149.0
1991-12-20,1171.5
1991-12-23,1168.0
1991-12-24,1166.5
1991-12-30,1175.0
1991-12-31,1178.0
1992-01-02,1179.0
1992-01-03,1161.0
1992-01-06,1136.5
1992-01-07,1122.5
1992-01-08,1113.5
1992-01-09,1150.0
1992-01-10,1132.5
1992-01-13,1117.0
1992-01-14,1142.0
1992-01-15,1139.0
1992-01-16,1173.0
1992-01-17,1155.0
1992-01-20,1160.0
1992-01-21,1152.0
1992-01-22,1160.0
1992-01-23,1189.0
1992-01-24,1177.0
1992-01-27,1170.0
1992-01-28,1169.0
1992-01-29,1179.0
1992-01-30,1155.0
1992-01-31,1161.0
1992-02-03,1158.0
1992-02-04,1148.0
1992-02-05,1146.5
1992-02-06,1132.0
1992-02-07,1140.0
1992-02-10,1135.0
1992-02-11,1121.5
1992-02-12,1112.0
1992-02-13,1135.0
1992-02-14,1127.5
1992-02-17,1114.5
1992-02-18,1110.0
1992-02-19,1106.5
1992-02-20,1109.0
1992-02-21,1103.5
1992-02-24,1118.0
1992-02-25,1126.0
1992-02-26,1155.5
1992-02-27,1160.0
1992-02-28,1164.0
1992-03-02,1183.0
1992-03-03,1177.0
1992-03-04,1198.0
1992-03-05,1209.0
1992-03-06,1208.0
1992-03-09,1190.5
1992-03-10,1175.5
1992-03-11,1173.0
1992-03-12,1166.0
1992-03-13,1227.0
1992-03-16,1222.0
1992-03-17,1222.0
1992-03-18,1228.5
1992-03-19,1232.0
1992-03-20,1228.0
1992-03-23,1223.0
1992-03-24,1223.5
1992-03-25,1222.0
1992-03-26,1246.5
1992-03-27,1244.0
1992-03-30,1262.0
1992-03-31,1267.0
1992-04-01,1275.5
1992-04-02,1278.0
1992-04-03,1274.0
1992-04-06,1270.0
1992-04-07,1260.0
1992-04-08,1273.0
1992-04-09,1264.0
1992-04-10,1303.0
1992-04-13,1307.0
1992-04-14,1301.0
1992-04-15,1297.0
1992-04-16,1301.0
1992-04-21,1294.0
1992-04-22,1315.5
1992-04-23,1320.0
1992-04-24,1345.0
1992-04-27,1351.0
1992-04-28,1353.5
1992-04-29,1363.0
1992-04-30,1352.0
1992-05-01,1367.0
1992-05-05,1372.0
1992-05-06,1389.0
1992-05-07,1353.0
1992-05-08,1331.0
1992-05-11,1333.0
1992-05-12,1340.0
1992-05-13,1337.0
1992-05-14,1356.0
1992-05-15,1376.0
1992-05-18,1357.0
1992-05-19,1362.5
1992-05-20,1384.0
1992-05-21,1388.0
1992-05-22,1380.0
1992-05-26,1390.0
1992-05-27,1418.0
1992-05-28,1430.0
1992-05-29,1433.0
1992-06-01,1436.0
1992-06-02,1453.0
1992-06-03,1408.0
1992-06-04,1442.0
1992-06-05,1432.0
1992-06-08,1450.0
1992-06-09,1449.0
1992-06-10,1450.5
1992-06-11,1438.0
1992-06-12,1451.0
1992-06-15,1451.0
1992-06-16,1379.5
1992-06-17,1300.0
1992-06-18,1290.0
1992-06-19,1305.0
1992-06-22,1290.0
1992-06-23,1295.0
1992-06-24,1308.0
1992-06-25,1361.0
1992-06-26,1362.0
1992-06-29,1389.0
1992-06-30,1352.0
1992-07-01,1335.0
1992-07-02,1313.0
1992-07-03,1297.0
1992-07-06,1282.5
1992-07-07,1279.0
1992-07-08,1307.0
1992-07-09,1306.5
1992-07-10,1293.0
1992-07-13,1282.5
1992-07-14,1281.5
1992-07-15,1302.5
1992-07-16,1338.5
1992-07-17,1338.0
1992-07-20,1336.5
1992-07-21,1314.0
1992-07-22,1361.0
1992-07-23,1350.5
1992-07-24,1331.5
1992-07-27,1339.0
1992-07-28,1330.0
1992-07-29,1343.0
1992-07-30,1353.0
1992-07-31,1320.61
1992-08-03,1350.5
1992-08-04,1352.0
1992-08-05,1343.0
1992-08-06,1342.0
1992-08-07,1360.0
1992-08-10,1359.0
1992-08-11,1360.0
1992-08-12,1357.0
1992-08-13,1336.5
1992-08-14,1328.0
1992-08-17,1341.0
1992-08-18,1357.0
1992-08-19,1359.5
1992-08-20,1356.0
1992-08-21,1361.0
1992-08-24,1369.0
1992-08-25,1367.0
1992-08-26,1399.0
1992-08-27,1406.0
1992-08-28,1413.0
1992-09-01,1407.5
1992-09-02,1412.0
1992-09-03,1414.0
1992-09-04,1442.0
1992-09-07,1425.0
1992-09-08,1417.5
1992-09-09,1380.0
1992-09-10,1351.5
1992-09-11,1356.0
1992-09-14,1361.0
1992-09-15,1391.0
1992-09-16,1377.0
1992-09-17,1368.0
1992-09-18,1382.0
1992-09-21,1371.0
1992-09-22,1348.0
1992-09-23,1335.0
1992-09-24,1329.5
1992-09-25,1339.0
1992-09-28,1303.0
1992-09-29,1285.0
1992-09-30,1289.0
1992-10-01,1318.5
1992-10-02,1308.0
1992-10-05,1268.5
1992-10-06,1207.0
1992-10-07,1185.5
1992-10-08,1167.0
1992-10-09,1187.0
1992-10-12,1177.0
1992-10-13,1178.5
1992-10-14,1200.0
1992-10-15,1189.5
1992-10-16,1133.0
1992-10-19,1113.0
1992-10-20,1109.0
1992-10-21,1126.0
1992-10-22,1113.0
1992-10-23,1113.5
1992-10-26,1108.0
1992-10-27,1118.5
1992-10-28,1098.0
1992-10-29,1098.5
1992-10-30,1091.5
1992-11-02,1077.5
1992-11-03,1070.0
1992-11-04,1072.0
1992-11-05,1039.0
1992-11-06,1022.0
1992-11-09,1012.5
1992-11-10,1027.0
1992-11-11,1041.0
1992-11-12,1029.0
1992-11-13,1014.0
1992-11-16,1015.5
1992-11-17,1021.0
1992-11-18,1027.0
1992-11-19,1034.0
1992-11-20,1047.0
1992-11-23,1042.0
1992-11-24,1036.5
1992-11-25,1056.0
1992-11-26,1092.0
1992-11-27,1092.0
1992-11-30,1127.0
1992-12-01,1088.5
1992-12-02,1049.0
1992-12-03,1058.0
1992-12-04,1069.0
1992-12-07,1068.0
1992-12-08,1072.5
1992-12-09,1060.5
1992-12-10,1054.5
1992-12-11,1042.0
1992-12-14,1047.0
1992-12-15,1045.0
1992-12-16,1059.0
1992-12-17,1051.5
1992-12-18,1046.5
1992-12-21,1059.0
1992-12-22,1066.0
1992-12-23,1054.5
1992-12-24,1060.0
1992-12-29,1058.5
1992-12-30,1056.5
1992-12-31,1058.0
1993-01-04,1059.5
1993-01-05,1058.0
1993-01-06,1055.0
1993-01-07,1058.5
1993-01-08,1051.0
1993-01-11,1051.5
1993-01-12,1053.0
1993-01-13,1053.0
1993-01-14,1074.5
1993-01-15,1068.5
1993-01-18,1056.0
1993-01-19,1056.5
1993-01-20,1053.5
1993-01-21,1056.0
1993-01-22,1053.5
1993-01-25,1053.5
1993-01-26,1057.0
1993-01-27,1053.5
1993-01-28,1096.5
1993-01-29,1109.5
1993-02-01,1105.5
1993-02-02,1100.0
1993-02-03,1097.5
1993-02-04,1104.0
1993-02-05,1106.0
1993-02-08,1100.0
1993-02-09,1097.0
1993-02-10,1085.0
1993-02-11,1076.0
1993-02-12,1057.5
1993-02-15,1062.0
1993-02-16,1066.0
1993-02-17,1068.0
1993-02-18,1060.0
1993-02-19,1059.0
1993-02-22,1062.0
1993-02-23,1059.0
1993-02-24,1055.0
1993-02-25,1015.5
1993-02-26,1014.0
1993-03-01,1000.0
1993-03-02,995.0
1993-03-03,1007.0
1993-03-04,1007.0
1993-03-05,994.0
1993-03-08,999.5
1993-03-09,997.5
1993-03-10,1000.0
1993-03-11,1000.0
1993-03-12,1011.0
1993-03-15,997.0
1993-03-16,994.0
1993-03-17,990.5
1993-03-18,996.0
1993-03-19,997.0
1993-03-22,998.5
1993-03-23,993.0
1993-03-24,995.0
1993-03-25,995.0
1993-03-26,990.0
1993-03-29,987.5
1993-03-30,990.5
1993-03-31,982.0
1993-04-01,977.5
1993-04-02,983.0
1993-04-05,1005.0
1993-04-06,990.5
1993-04-07,991.5
1993-04-08,997.0
1993-04-13,1029.5
1993-04-14,1040.5
1993-04-15,1006.5
1993-04-16,1011.0
1993-04-19,1003.5
1993-04-20,1002.0
1993-04-21,1010.0
1993-04-22,1006.5
1993-04-23,1000.0
1993-04-26,1007.0
1993-04-27,1011.5
1993-04-28,1010.0
1993-04-29,1006.0
1993-04-30,1009.5
1993-05-04,1005.0
1993-05-05,1005.5
1993-05-06,1022.5
1993-05-07,1005.5
1993-05-10,1013.0
1993-05-11,1012.0
1993-05-12,1013.5
1993-05-13,1005.0
1993-05-14,982.0
1993-05-17,960.0
1993-05-18,965.0
1993-05-19,967.0
1993-05-20,963.5
1993-05-21,953.5
1993-05-24,951.5
1993-05-25,953.5
1993-05-26,960.0
1993-05-27,948.0
1993-05-28,947.0
1993-06-01,927.0
1993-06-02,924.0
1993-06-03,931.0
1993-06-04,948.0
1993-06-07,943.5
1993-06-08,933.5
1993-06-09,927.5
1993-06-10,927.5
1993-06-11,915.5
1993-06-14,913.5
1993-06-15,917.5
1993-06-16,919.5
1993-06-17,921.5
1993-06-18,925.0
1993-06-21,938.5
1993-06-22,936.5
1993-06-23,923.5
1993-06-24,922.0
1993-06-25,924.5
1993-06-28,921.5
1993-06-29,916.5
1993-06-30,922.0
1993-07-01,918.0
1993-07-02,925.0
1993-07-05,923.0
1993-07-06,920.0
1993-07-07,915.0
1993-07-08,920.0
1993-07-09,941.0
1993-07-12,964.0
1993-07-13,954.0
1993-07-14,940.5
1993-07-15,929.5
1993-07-16,922.0
1993-07-19,920.5
1993-07-20,930.5
1993-07-21,947.5
1993-07-22,924.5
1993-07-23,921.0
1993-07-26,922.0
1993-07-27,917.0
1993-07-28,918.5
1993-07-29,920.5
1993-07-30,920.0
1993-08-02,919.0
1993-08-03,924.0
1993-08-04,924.5
1993-08-05,924.0
1993-08-06,897.0
1993-08-09,868.5
1993-08-10,866.5
1993-08-11,868.5
1993-08-12,866.5
1993-08-13,870.5
1993-08-16,866.0
1993-08-17,865.5
1993-08-18,866.0
1993-08-19,877.0
1993-08-20,885.5
1993-08-23,895.0
1993-08-24,889.0
1993-08-25,874.5
1993-08-26,868.5
1993-08-27,879.0
1993-08-31,875.5
1993-09-01,870.5
1993-09-02,868.0
1993-09-03,868.5
1993-09-06,873.0
1993-09-07,872.0
1993-09-08,875.5
1993-09-09,877.0
1993-09-10,876.0
1993-09-13,868.0
1993-09-14,868.0
1993-09-15,874.0
1993-09-16,873.0
1993-09-17,873.5
1993-09-20,883.5
1993-09-21,885.5
1993-09-22,885.0
1993-09-23,880.5
1993-09-24,870.0
1993-09-27,874.5
1993-09-28,872.0
1993-09-29,859.0
1993-09-30,893.0
1993-10-01,874.0
1993-10-04,877.0
1993-10-05,902.0
1993-10-06,897.5
1993-10-07,894.0
1993-10-08,889.5
1993-10-11,895.5
1993-10-12,898.0
1993-10-13,928.5
1993-10-14,954.0
1993-10-15,944.0
1993-10-18,927.5
1993-10-19,922.5
1993-10-20,933.5
1993-10-21,943.0
1993-10-22,934.5
1993-10-25,927.0
1993-10-26,911.0
1993-10-27,904.5
1993-10-28,927.0
1993-10-29,935.5
1993-11-01,936.0
1993-11-02,942.5
1993-11-03,929.0
1993-11-04,930.0
1993-11-05,939.0
1993-11-08,928.0
1993-11-09,926.5
1993-11-10,929.5
1993-11-11,939.5
1993-11-12,936.0
1993-11-15,933.0
1993-11-16,930.0
1993-11-17,922.0
1993-11-18,931.5
1993-11-19,925.5
1993-11-22,926.0
1993-11-23,919.5
1993-11-24,916.0
1993-11-25,919.5
1993-11-26,921.5
1993-11-29,924.5
1993-11-30,927.5
1993-12-01,935.5
1993-12-02,939.5
1993-12-03,940.0
1993-12-06,938.5
1993-12-07,986.0
1993-12-08,989.5
1993-12-09,978.0
1993-12-10,1005.0
1993-12-13,1000.5
1993-12-14,1002.0
1993-12-15,967.5
1993-12-16,967.0
1993-12-17,961.0
1993-12-20,969.0
1993-12-21,979.5
1993-12-22,985.0
1993-12-23,974.0
1993-12-24,985.5
1993-12-29,979.5
1993-12-30,986.0
1993-12-31,1001.5
1994-01-04,993.0
1994-01-05,993.5
1994-01-06,972.5
1994-01-07,969.5
1994-01-10,970.0
1994-01-11,980.0
1994-01-12,999.0
1994-01-13,991.0
1994-01-14,1014.0
1994-01-17,1016.0
1994-01-18,1011.5
1994-01-19,1024.0
1994-01-20,1009.0
1994-01-21,1008.0
1994-01-24,996.5
1994-01-25,1002.0
1994-01-26,997.0
1994-01-27,1004.0
1994-01-28,998.5
1994-01-31,992.0
1994-02-01,978.5
1994-02-02,1004.0
1994-02-03,1007.0
1994-02-04,1008.0
1994-02-07,1004.0
1994-02-08,986.0
1994-02-09,974.0
1994-02-10,949.5
1994-02-11,948.0
1994-02-14,947.5
1994-02-15,935.5
1994-02-16,955.5
1994-02-17,970.5
1994-02-18,972.0
1994-02-21,964.0
1994-02-22,962.0
1994-02-23,951.5
1994-02-24,958.0
1994-02-25,957.0
1994-02-28,951.5
1994-03-01,948.0
1994-03-02,940.5
1994-03-03,925.0
1994-03-04,914.0
1994-03-07,920.0
1994-03-08,913.0
1994-03-09,919.0
1994-03-10,923.5
1994-03-11,931.0
1994-03-14,935.5
1994-03-15,921.5
1994-03-16,931.5
1994-03-17,948.5
1994-03-18,945.5
1994-03-21,954.5
1994-03-22,954.0
1994-03-23,948.0
1994-03-24,939.0
1994-03-25,938.5
1994-03-28,949.5
1994-03-29,949.0
1994-03-30,946.0
1994-03-31,938.0
1994-04-05,930.5
1994-04-06,935.0
1994-04-07,930.0
1994-04-08,932.0
1994-04-11,928.5
1994-04-12,933.5
1994-04-13,939.0
1994-04-14,936.0
1994-04-15,930.0
1994-04-18,928.0
1994-04-19,913.0
1994-04-20,911.0
1994-04-21,903.5
1994-04-22,903.0
1994-04-25,916.0
1994-04-26,914.0
1994-04-27,910.5
1994-04-28,931.0
1994-04-29,932.0
1994-05-03,928.0
1994-05-04,936.0
1994-05-05,950.0
1994-05-06,958.0
1994-05-09,954.0
1994-05-10,949.5
1994-05-11,944.5
1994-05-12,950.5
1994-05-13,949.0
1994-05-16,977.0
1994-05-17,987.5
1994-05-18,966.5
1994-05-19,969.0
1994-05-20,959.0
1994-05-23,967.0
1994-05-24,971.0
1994-05-25,959.0
1994-05-26,945.0
1994-05-27,948.0
1994-05-31,950.0
1994-06-01,955.5
1994-06-02,950.0
1994-06-03,953.5
1994-06-06,950.0
1994-06-07,947.5
1994-06-08,952.5
1994-06-09,961.0
1994-06-10,968.5
1994-06-13,971.5
1994-06-14,973.0
1994-06-15,976.5
1994-06-16,978.5
1994-06-17,987.5
1994-06-20,999.5
1994-06-21,990.0
1994-06-22,978.0
1994-06-23,989.0
1994-06-24,980.5
1994-06-27,973.0
1994-06-28,945.5
1994-06-29,935.5
1994-06-30,948.0
1994-07-01,960.0
1994-07-04,959.0
1994-07-05,962.0
1994-07-06,948.0
1994-07-07,955.0
1994-07-08,957.0
1994-07-11,962.0
1994-07-12,962.5
1994-07-13,973.5
1994-07-14,970.0
1994-07-15,986.0
1994-07-18,985.0
1994-07-19,982.0
1994-07-20,987.0
1994-07-21,979.0
1994-07-22,967.0
1994-07-25,969.0
1994-07-26,970.0
1994-07-27,949.5
1994-07-28,925.5
1994-07-29,943.5
1994-08-01,945.0
1994-08-02,943.0
1994-08-03,943.0
1994-08-04,937.0
1994-08-05,937.5
1994-08-08,936.5
1994-08-09,931.0
1994-08-10,932.0
1994-08-11,936.0
1994-08-12,948.0
1994-08-15,937.5
1994-08-16,940.0
1994-08-17,938.0
1994-08-18,942.0
1994-08-19,942.0
1994-08-22,939.0
1994-08-23,941.5
1994-08-24,945.5
1994-08-25,977.0
1994-08-26,965.0
1994-08-30,966.0
1994-08-31,975.0
1994-09-01,981.5
1994-09-02,987.0
1994-09-05,974.5
1994-09-06,970.5
1994-09-07,964.5
1994-09-08,970.0
1994-09-09,971.5
1994-09-12,970.5
1994-09-13,975.5
1994-09-14,977.5
1994-09-15,991.5
1994-09-16,998.0
1994-09-19,1006.5
1994-09-20,1008.0
1994-09-21,1001.0
1994-09-22,1000.5
1994-09-23,1014.0
1994-09-26,1025.0
1994-09-27,1014.0
1994-09-28,1017.0
1994-09-29,1016.0
1994-09-30,1007.0
1994-10-03,1003.5
1994-10-04,1026.5
1994-10-05,1039.0
1994-10-06,1051.5
1994-10-07,1046.0
1994-10-10,1041.0
1994-10-11,1034.0
1994-10-12,1038.0
1994-10-13,1052.5
1994-10-14,1042.0
1994-10-17,1053.0
1994-10-18,1051.0
1994-10-19,1066.0
1994-10-20,1072.5
1994-10-21,1071.0
1994-10-24,1060.0
1994-10-25,1063.5
1994-10-26,1093.0
1994-10-27,1107.0
1994-10-28,1114.0
1994-10-31,1112.0
1994-11-01,1138.0
1994-11-02,1145.5
1994-11-03,1161.0
1994-11-04,1152.0
1994-11-07,1152.0
1994-11-08,1146.0
1994-11-09,1155.5
1994-11-10,1133.0
1994-11-11,1142.0
1994-11-14,1152.0
1994-11-15,1176.0
1994-11-16,1181.0
1994-11-17,1179.0
1994-11-18,1179.0
1994-11-21,1173.0
1994-11-22,1170.5
1994-11-23,1136.0
1994-11-24,1153.0
1994-11-25,1148.0
1994-11-28,1146.0
1994-11-29,1099.0
1994-11-30,1127.5
1994-12-01,1119.0
1994-12-02,1138.5
1994-12-05,1129.0
1994-12-06,1114.0
1994-12-07,1110.5
1994-12-08,1111.5
1994-12-09,1131.5
1994-12-12,1119.0
1994-12-13,1098.0
1994-12-14,1087.0
1994-12-15,1114.0
1994-12-16,1115.0
1994-12-19,1098.0
1994-12-20,1102.0
1994-12-21,1097.5
1994-12-22,1118.0
1994-12-23,1105.5
1994-12-28,1118.0
1994-12-29,1134.5
1994-12-30,1135.0
1995-01-03,1137.0
1995-01-04,1129.0
1995-01-05,1128.5
1995-01-06,1139.0
1995-01-09,1146.0
1995-01-10,1151.0
1995-01-11,1139.5
1995-01-12,1136.0
1995-01-13,1150.0
1995-01-16,1136.0
1995-01-17,1142.0
1995-01-19,1206.5
1995-01-20,1206.0
1995-01-23,1197.0
1995-01-24,1185.0
1995-01-25,1192.0
1995-01-26,1159.0
1995-01-27,1166.0
1995-01-30,1128.5
1995-01-31,1140.0
1995-02-01,1117.5
1995-02-02,1121.0
1995-02-03,1121.5
1995-02-07,1043.5
1995-02-08,998.5
1995-02-09,1030.0
1995-02-10,1024.0
1995-02-13,1008.5
1995-02-14,949.5
1995-02-15,1000.0
1995-02-16,1014.0
1995-02-17,1018.0
1995-02-20,1039.0
1995-02-21,1041.0
1995-02-22,1039.0
1995-02-23,1023.0
1995-02-24,1027.5
1995-02-27,1016.0
1995-02-28,996.5
1995-03-01,989.0
1995-03-02,1014.0
1995-03-03,1049.0
1995-03-06,1046.0
1995-03-07,1023.0
1995-03-08,1022.0
1995-03-09,1034.0
1995-03-10,1030.0
1995-03-13,1015.0
1995-03-14,1026.0
1995-03-15,1016.5
1995-03-17,1004.5
1995-03-20,1006.5
1995-03-21,1017.0
1995-03-22,1028.0
1995-03-23,1038.0
1995-03-24,1036.0
1995-03-27,1023.0
1995-03-28,1028.5
1995-03-29,1001.5
1995-03-30,1024.5
1995-03-31,1043.0
1995-04-03,1036.5
1995-04-04,1065.5
1995-04-05,1061.5
1995-04-06,1055.0
1995-04-07,1056.0
1995-04-10,1054.0
1995-04-11,1049.5
1995-04-12,1050.5
1995-04-13,1047.0
1995-04-18,1056.5
1995-04-19,1059.5
1995-04-20,1047.5
1995-04-21,1074.5
1995-04-25,1066.5
1995-04-26,1069.0
1995-04-27,1080.0
1995-04-28,1104.0
1995-05-01,1079.0
1995-05-02,1059.0
1995-05-03,1067.5
1995-05-04,1076.0
1995-05-05,1030.0
1995-05-09,1031.5
1995-05-10,1009.5
1995-05-11,1018.0
1995-05-12,1030.0
1995-05-15,1023.5
1995-05-16,1029.0
1995-05-17,1031.0
1995-05-18,1027.5
1995-05-19,1022.0
1995-05-22,1031.0
1995-05-23,1029.0
1995-05-24,1042.0
1995-05-25,1041.0
1995-05-26,1043.0
1995-05-30,1029.0
1995-05-31,1021.0
1995-06-01,1025.0
1995-06-02,1025.0
1995-06-05,1019.0
1995-06-06,999.5
1995-06-07,998.0
1995-06-08,1008.5
1995-06-09,1013.0
1995-06-12,1012.0
1995-06-13,1008.0
1995-06-14,999.5
1995-06-15,1008.0
1995-06-16,1011.0
1995-06-19,989.0
1995-06-20,995.5
1995-06-21,1001.0
1995-06-22,1003.5
1995-06-23,1023.5
1995-06-26,1024.0
1995-06-27,1020.0
1995-06-28,1016.0
1995-06-29,1006.0
1995-06-30,1015.5
1995-07-03,1016.0
1995-07-04,1032.0
1995-07-05,1025.0
1995-07-06,1016.0
1995-07-07,1009.0
1995-07-10,1007.0
1995-07-11,1024.0
1995-07-12,1041.5
1995-07-13,1054.0
1995-07-14,1055.0
1995-07-17,1054.0
1995-07-18,1044.0
1995-07-19,1035.0
1995-07-20,1033.5
1995-07-21,1013.0
1995-07-24,1008.0
1995-07-25,1009.0
1995-07-26,1011.0
1995-07-27,1024.0
1995-07-28,1028.0
1995-07-31,1029.5
1995-08-01,1027.0
1995-08-02,1023.0
1995-08-03,1035.0
1995-08-04,1030.0
1995-08-07,1027.0
1995-08-08,1007.5
1995-08-09,1012.0
1995-08-10,1006.5
1995-08-11,1011.5
1995-08-14,1009.5
1995-08-15,1011.0
1995-08-16,1017.5
1995-08-17,1026.0
1995-08-18,1027.0
1995-08-21,1018.5
1995-08-22,1011.0
1995-08-23,1004.5
1995-08-24,1014.0
1995-08-25,1010.5
1995-08-29,1004.5
1995-08-30,1005.5
1995-08-31,986.0
1995-09-01,975.0
1995-09-04,972.0
1995-09-05,968.0
1995-09-06,985.0
1995-09-07,984.5
1995-09-08,976.0
1995-09-11,972.5
1995-09-12,983.5
1995-09-13,979.0
1995-09-14,972.0
1995-09-15,971.0
1995-09-18,976.0
1995-09-19,968.5
1995-09-20,974.5
1995-09-21,998.0
1995-09-22,1006.0
1995-09-25,1004.5
1995-09-26,1011.0
1995-09-27,1022.0
1995-09-28,1002.0
1995-09-29,1017.0
1995-10-02,1006.5
1995-10-03,999.5
1995-10-04,992.5
1995-10-05,1003.5
1995-10-06,995.0
1995-10-09,995.0
1995-10-10,991.5
1995-10-11,949.0
1995-10-12,953.0
1995-10-13,980.0
1995-10-16,966.0
1995-10-17,965.5
1995-10-18,964.5
1995-10-19,963.0
1995-10-20,968.0
1995-10-23,951.5
1995-10-24,963.0
1995-10-25,963.5
1995-10-26,1004.0
1995-10-27,995.0
1995-10-30,983.0
1995-10-31,996.5
1995-11-01,1027.0
1995-11-02,1046.0
1995-11-03,1048.5
1995-11-06,1049.0
1995-11-07,1038.0
1995-11-08,1022.5
1995-11-09,1029.5
1995-11-10,1034.5
1995-11-13,1027.5
1995-11-14,1019.0
1995-11-15,1011.0
1995-11-16,1013.0
1995-11-17,1032.0
1995-11-20,1025.0
1995-11-21,1033.0
1995-11-22,1035.5
1995-11-23,1030.0
1995-11-24,1039.0
1995-11-27,1037.5
1995-11-28,1033.5
1995-11-29,1028.5
1995-11-30,1023.0
1995-12-01,1023.0
1995-12-04,1017.5
1995-12-05,1012.0
1995-12-06,1014.0
1995-12-07,1010.0
1995-12-08,1021.0
1995-12-11,1036.5
1995-12-12,1049.0
1995-12-13,1037.0
1995-12-14,1032.0
1995-12-15,1024.0
1995-12-18,1014.0
1995-12-19,1015.0
1995-12-20,1007.5
1995-12-21,1006.0
1995-12-22,1011.5
1995-12-27,1009.5
1995-12-28,1009.5
1995-12-29,1018.45
1996-01-02,998.0
1996-01-03,998.0
1996-01-04,1000.5
1996-01-05,1001.5
1996-01-08,1011.0
1996-01-09,1020.5
1996-01-10,1011.5
1996-01-11,1021.0
1996-01-12,1019.0
1996-01-15,1008.0
1996-01-16,1012.0
1996-01-17,1027.0
1996-01-18,1042.0
1996-01-19,1030.0
1996-01-22,1016.0
1996-01-23,1024.0
1996-01-24,1029.5
1996-01-25,1047.0
1996-01-26,1024.5
1996-01-29,1015.0
1996-01-30,1025.5
1996-01-31,1019.39
1996-02-01,1062.0
1996-02-02,1062.0
1996-02-05,1053.5
1996-02-06,1041.5
1996-02-07,1034.0
1996-02-08,1037.0
1996-02-09,1033.0
1996-02-12,1034.0
1996-02-13,1024.5
1996-02-14,1027.5
1996-02-15,1042.0
1996-02-16,1032.5
1996-02-19,1028.5
1996-02-20,1025.0
1996-02-21,1029.0
1996-02-22,1041.0
1996-02-23,1032.0
1996-02-26,1033.5
1996-02-27,1023.5
1996-02-28,1029.5
1996-02-29,1036.17
1996-03-01,1036.0
1996-03-04,1038.0
1996-03-05,1032.5
1996-03-06,1029.0
1996-03-07,1032.0
1996-03-08,1078.0
1996-03-11,1087.5
1996-03-12,1077.5
1996-03-13,1097.0
1996-03-14,1083.5
1996-03-15,1077.0
1996-03-18,1078.0
1996-03-19,1064.5
1996-03-20,1073.0
1996-03-21,1072.0
1996-03-22,1068.0
1996-03-25,1063.5
1996-03-26,1066.5
1996-03-27,1067.5
1996-03-28,1064.0
1996-03-29,1064.29
1996-04-01,1056.0
1996-04-02,1049.0
1996-04-03,1045.0
1996-04-04,1052.5
1996-04-09,1055.5
1996-04-10,1052.5
1996-04-11,1060.5
1996-04-12,1061.5
1996-04-15,1053.0
1996-04-16,1043.5
1996-04-17,1046.0
1996-04-18,1030.5
1996-04-19,1028.5
1996-04-22,1039.0
1996-04-23,1042.5
1996-04-24,1034.0
1996-04-25,1046.5
1996-04-26,1041.5
1996-04-29,1040.5
1996-04-30,1037.5
1996-05-01,1024.0
1996-05-02,1031.0
1996-05-03,1049.5
1996-05-07,1047.0
1996-05-08,1056.0
1996-05-09,1046.0
1996-05-10,1048.0
1996-05-13,1040.5
1996-05-14,1052.5
1996-05-15,1043.0
1996-05-16,1045.0
1996-05-17,1041.0
1996-05-20,1024.0
1996-05-21,1036.0
1996-05-22,1031.0
1996-05-23,1034.5
1996-05-24,1031.0
1996-05-28,1023.0
1996-05-29,1018.5
1996-05-30,1021.0
1996-05-31,1036.14
1996-06-03,1021.5
1996-06-04,1019.0
1996-06-05,1021.0
1996-06-06,1008.5
1996-06-07,1016.0
1996-06-10,1018.0
1996-06-11,1016.5
1996-06-12,1012.5
1996-06-13,1013.5
1996-06-14,1010.0
1996-06-17,994.0
1996-06-18,1004.0
1996-06-19,1002.5
1996-06-20,1000.5
1996-06-21,997.0
1996-06-24,996.0
1996-06-25,1004.5
1996-06-26,1002.5
1996-06-27,1002.5
1996-06-28,1008.85
1996-07-01,1009.0
1996-07-02,1004.0
1996-07-03,1007.0
1996-07-04,1006.0
1996-07-05,1006.0
1996-07-08,1004.5
1996-07-09,1005.0
1996-07-10,1000.5
1996-07-11,990.5
1996-07-12,991.0
1996-07-15,990.5
1996-07-16,978.0
1996-07-17,985.5
1996-07-18,989.0
1996-07-19,991.0
1996-07-22,988.5
1996-07-23,993.5
1996-07-24,991.0
1996-07-25,1000.5
1996-07-26,1005.5
1996-07-29,1024.0
1996-07-30,1026.0
1996-07-31,1000.39
1996-08-01,1021.5
1996-08-02,1012.5
1996-08-05,1012.0
1996-08-06,1010.5
1996-08-07,1015.0
1996-08-08,1015.0
1996-08-09,1012.0
1996-08-12,1012.5
1996-08-13,1008.0
1996-08-14,1009.5
1996-08-15,1008.5
1996-08-16,1005.0
1996-08-19,1004.0
1996-08-20,1006.5
1996-08-21,996.5
1996-08-22,998.0
1996-08-23,1001.0
1996-08-27,999.5
1996-08-28,1000.0
1996-08-29,1000.5
1996-08-30,1007.24
1996-09-02,1009.0
1996-09-03,1008.0
1996-09-04,1009.0
1996-09-05,1016.0
1996-09-06,1014.0
1996-09-09,1007.5
1996-09-10,997.0
1996-09-11,990.5
1996-09-12,987.0
1996-09-13,1000.0
1996-09-16,999.5
1996-09-17,991.0
1996-09-18,1003.5
1996-09-19,1006.0
1996-09-20,1009.0
1996-09-23,993.0
1996-09-24,994.0
1996-09-25,995.0
1996-09-26,990.5
1996-09-27,1003.0
1996-09-30,1000.64
1996-10-01,992.0
1996-10-02,995.0
1996-10-03,992.0
1996-10-04,998.0
1996-10-07,1000.5
1996-10-08,999.0
1996-10-09,1009.0
1996-10-10,1006.0
1996-10-11,1006.0
1996-10-14,990.0
1996-10-15,996.0
1996-10-16,996.0
1996-10-17,991.0
1996-10-18,996.5
1996-10-21,994.0
1996-10-22,997.5
1996-10-23,1002.0
1996-10-24,999.0
1996-10-25,1003.5
1996-10-28,1029.0
1996-10-29,1021.0
1996-10-30,1021.0
1996-10-31,1003.46
1996-11-01,1048.5
1996-11-04,1041.5
1996-11-05,1038.5
1996-11-06,1038.0
1996-11-07,1045.0
1996-11-08,1048.0
1996-11-11,1031.0
1996-11-12,1041.5
1996-11-13,1042.0
1996-11-14,1038.5
1996-11-15,1045.0
1996-11-18,1036.5
1996-11-19,1036.0
1996-11-20,1059.5
1996-11-21,1062.0
1996-11-22,1054.0
1996-11-25,1054.0
1996-11-26,1059.5
1996-11-27,1061.5
1996-11-28,1053.0
1996-11-29,1046.83
1996-12-02,1045.5
1996-12-03,1037.0
1996-12-04,1040.0
1996-12-05,1047.5
1996-12-06,1031.5
1996-12-09,1020.0
1996-12-10,1018.5
1996-12-11,1025.5
1996-12-12,1032.0
1996-12-13,1037.5
1996-12-16,1028.5
1996-12-17,1025.0
1996-12-18,1030.0
1996-12-19,1034.0
1996-12-20,1039.0
1996-12-23,1045.0
1996-12-24,1050.0
1996-12-27,1055.0
1996-12-30,1045.0
1996-12-31,1036.63
1997-01-02,1035.5
1997-01-03,1042.5
1997-01-06,1040.5
1997-01-07,1043.0
1997-01-08,1047.5
1997-01-09,1042.0
1997-01-10,1045.0
1997-01-13,1044.0
1997-01-14,1074.0
1997-01-15,1091.0
1997-01-16,1100.0
1997-01-17,1119.0
1997-01-20,1110.0
1997-01-21,1127.0
1997-01-22,1123.0
1997-01-23,1125.0
1997-01-24,1116.0
1997-01-27,1123.5
1997-01-28,1119.0
1997-01-29,1099.5
1997-01-30,1104.0
1997-01-31,1086.91
1997-02-03,1150.0
1997-02-04,1147.5
1997-02-05,1151.5
1997-02-06,1163.0
1997-02-07,1175.5
1997-02-10,1148.0
1997-02-11,1154.0
1997-02-12,1163.0
1997-02-13,1195.0
1997-02-14,1193.0
1997-02-17,1196.0
1997-02-18,1197.5
1997-02-19,1202.0
1997-02-20,1197.0
1997-02-21,1195.0
1997-02-24,1192.0
1997-02-25,1195.5
1997-02-26,1169.0
1997-02-27,1202.0
1997-02-28,1208.5
1997-03-03,1207.0
1997-03-04,1247.0
1997-03-05,1238.0
1997-03-06,1224.0
1997-03-07,1238.0
1997-03-10,1244.0
1997-03-11,1238.0
1997-03-12,1250.0
1997-03-13,1256.0
1997-03-14,1263.0
1997-03-17,1285.0
1997-03-18,1265.5
1997-03-19,1263.5
1997-03-20,1281.0
1997-03-21,1278.0
1997-03-24,1271.0
1997-03-25,1266.5
1997-03-26,1275.0
1997-03-27,1259.0
1997-04-01,1279.0
1997-04-02,1283.0
1997-04-03,1273.0
1997-04-04,1257.0
1997-04-07,1213.5
1997-04-08,1229.0
1997-04-09,1240.0
1997-04-10,1235.5
1997-04-11,1215.0
1997-04-14,1207.5
1997-04-15,1222.5
1997-04-16,1236.0
1997-04-17,1222.0
1997-04-18,1224.0
1997-04-21,1220.0
1997-04-22,1233.5
1997-04-23,1251.0
1997-04-24,1263.5
1997-04-25,1250.0
1997-04-28,1248.0
1997-04-29,1247.5
1997-04-30,1246.0
1997-05-01,1246.5
1997-05-02,1242.0
1997-05-06,1262.5
1997-05-07,1262.0
1997-05-08,1305.5
1997-05-09,1309.0
1997-05-12,1310.0
1997-05-13,1305.0
1997-05-14,1309.0
1997-05-15,1339.0
1997-05-16,1321.5
1997-05-19,1320.0
1997-05-20,1312.5
1997-05-21,1334.5
1997-05-22,1342.5
1997-05-23,1343.5
1997-05-27,1347.0
1997-05-28,1339.0
1997-05-29,1337.5
1997-05-30,1330.0
1997-06-02,1303.0
1997-06-03,1299.5
1997-06-04,1309.0
1997-06-05,1338.5
1997-06-06,1347.0
1997-06-09,1341.5
1997-06-10,1337.0
1997-06-11,1342.5
1997-06-12,1336.0
1997-06-13,1343.5
1997-06-16,1352.0
1997-06-17,1346.0
1997-06-18,1348.0
1997-06-19,1367.0
1997-06-20,1374.0
1997-06-23,1372.0
1997-06-24,1382.5
1997-06-25,1377.0
1997-06-26,1401.0
1997-06-27,1405.0
1997-06-30,1423.0
1997-07-01,1416.0
1997-07-02,1450.0
1997-07-03,1481.5
1997-07-04,1467.5
1997-07-07,1449.0
1997-07-08,1442.0
1997-07-09,1439.5
1997-07-10,1471.0
1997-07-11,1466.0
1997-07-14,1498.5
1997-07-15,1487.0
1997-07-16,1482.0
1997-07-17,1517.0
1997-07-18,1514.0
1997-07-21,1526.0
1997-07-22,1527.0
1997-07-23,1567.5
1997-07-24,1611.0
1997-07-25,1676.5
1997-07-28,1763.0
1997-07-29,1554.0
1997-07-30,1545.0
1997-07-31,1535.0
1997-08-01,1544.0
1997-08-04,1599.0
1997-08-05,1574.5
1997-08-06,1634.0
1997-08-07,1646.5
1997-08-08,1707.0
1997-08-11,1705.0
1997-08-12,1591.0
1997-08-13,1594.0
1997-08-14,1646.1
1997-08-15,1688.75
1997-08-18,1639.0
1997-08-19,1629.0
1997-08-20,1679.0
1997-08-21,1661.5
1997-08-22,1681.0
1997-08-26,1688.0
1997-08-27,1699.0
1997-08-28,1670.0
1997-08-29,1620.0
1997-09-01,1626.0
1997-09-02,1663.0
1997-09-03,1679.0
1997-09-04,1641.0
1997-09-05,1668.0
1997-09-08,1671.0
1997-09-09,1658.0
1997-09-10,1634.0
1997-09-11,1629.0
1997-09-12,1594.75
1997-09-15,1604.0
1997-09-16,1620.0
1997-09-17,1621.0
1997-09-18,1646.0
1997-09-19,1644.0
1997-09-22,1683.0
1997-09-23,1725.0
1997-09-24,1644.0
1997-09-25,1700.0
1997-09-26,1618.0
1997-09-29,1590.0
1997-09-30,1417.0
1997-10-01,1373.0
1997-10-02,1345.0
1997-10-03,1327.0
1997-10-06,1292.0
1997-10-07,1294.5
1997-10-08,1287.0
1997-10-09,1302.0
1997-10-10,1304.0
1997-10-13,1296.0
1997-10-14,1302.0
1997-10-15,1311.0
1997-10-16,1292.0
1997-10-17,1284.5
1997-10-20,1249.5
1997-10-21,1249.0
1997-10-22,1253.0
1997-10-23,1257.5
1997-10-24,1249.0
1997-10-27,1234.25
1997-10-28,1219.0
1997-10-29,1257.5
1997-10-30,1243.0
1997-10-31,1247.5
1997-11-03,1241.5
1997-11-04,1222.0
1997-11-05,1205.35
1997-11-06,1185.0
1997-11-07,1164.5
1997-11-10,1161.0
1997-11-11,1181.0
1997-11-12,1174.75
1997-11-13,1163.0
1997-11-14,1142.37
1997-11-17,1143.0
1997-11-18,1134.0
1997-11-19,1170.5
1997-11-20,1205.0
1997-11-21,1203.0
1997-11-24,1184.0
1997-11-25,1127.0
1997-11-26,1141.5
1997-11-27,1154.0
1997-11-28,1135.5
1997-12-01,1106.5
1997-12-02,1109.5
1997-12-03,1092.5
1997-12-04,1108.5
1997-12-05,1103.25
1997-12-08,1093.95
1997-12-09,1105.25
1997-12-10,1144.05
1997-12-11,1132.55
1997-12-12,1115.9
1997-12-15,1099.5
1997-12-16,1099.3
1997-12-17,1110.0
1997-12-18,1134.0
1997-12-19,1112.25
1997-12-22,1084.75
1997-12-23,1094.0
1997-12-24,1085.75
1997-12-29,1087.0
1997-12-30,1095.75
1997-12-31,1086.25
1998-01-05,1058.75
1998-01-06,1060.1
1998-01-07,1065.0
1998-01-08,1098.0
1998-01-09,1064.25
1998-01-12,1052.65
1998-01-13,1100.5
1998-01-14,1117.9
1998-01-15,1109.4
1998-01-16,1129.4
1998-01-19,1092.0
1998-01-20,1122.0
1998-01-21,1113.5
1998-01-22,1125.0
1998-01-23,1162.25
1998-01-26,1134.5
1998-01-27,1147.75
1998-01-28,1107.5
1998-01-29,1115.5
1998-01-30,1108.75
1998-02-02,1093.3
1998-02-03,1073.5
1998-02-04,1084.25
1998-02-05,1088.25
1998-02-06,1077.75
1998-02-09,1066.4
1998-02-10,1064.75
1998-02-11,1058.0
1998-02-12,1056.9
1998-02-13,1057.65
1998-02-16,1025.75
1998-02-17,1022.5
1998-02-18,1018.0
1998-02-19,1021.25
1998-02-20,1024.25
1998-02-23,1007.0
1998-02-24,1018.75
1998-02-25,1034.5
1998-02-26,1020.5
1998-02-27,1036.25
1998-03-02,1039.7
1998-03-03,1020.0
1998-03-04,1012.5
1998-03-05,1038.25
1998-03-06,1021.8
1998-03-09,1014.0
1998-03-10,1022.3
1998-03-11,1009.4
1998-03-12,1032.3
1998-03-13,1026.45
1998-03-16,1070.5
1998-03-17,1063.5
1998-03-18,1031.85
1998-03-19,1043.5
1998-03-20,1054.5
1998-03-23,1061.25
1998-03-24,1060.0
1998-03-25,1082.5
1998-03-26,1078.25
1998-03-27,1089.75
1998-03-30,1099.5
1998-03-31,1077.5
1998-04-01,1072.0
1998-04-02,1096.5
1998-04-03,1094.5
1998-04-06,1103.5
1998-04-07,1119.75
1998-04-08,1111.15
1998-04-09,1124.25
1998-04-14,1110.0
1998-04-15,1097.25
1998-04-16,1093.25
1998-04-17,1091.25
1998-04-20,1080.55
1998-04-21,1089.15
1998-04-22,1108.0
1998-04-23,1104.75
1998-04-24,1098.0
1998-04-27,1096.95
1998-04-28,1089.75
1998-04-29,1080.4
1998-04-30,1076.0
1998-05-01,1084.5
1998-05-05,1098.75
1998-05-06,1091.0
1998-05-07,1085.95
1998-05-08,1088.25
1998-05-11,1067.35
1998-05-12,1076.6
1998-05-13,1054.7
1998-05-14,1065.1
1998-05-15,1050.0
1998-05-18,1040.35
1998-05-19,1043.5
1998-05-20,1042.5
1998-05-21,1047.5
1998-05-22,1048.75
1998-05-26,1013.5
1998-05-27,1043.5
1998-05-28,1054.5
1998-05-29,1049.75
1998-06-01,1023.5
1998-06-02,1020.25
1998-06-03,1027.25
1998-06-04,1025.5
1998-06-05,1026.5
1998-06-08,1006.45
1998-06-09,1013.0
1998-06-10,1010.5
1998-06-11,1007.55
1998-06-12,996.85
1998-06-15,993.15
1998-06-16,996.75
1998-06-17,1022.8
1998-06-18,1013.65
1998-06-19,1016.45
1998-06-22,1015.0
1998-06-23,1014.5
1998-06-24,1008.75
1998-06-25,1000.5
1998-06-26,1006.5
1998-06-29,988.0
1998-06-30,995.5
1998-07-01,985.5
1998-07-02,995.25
1998-07-03,1028.25
1998-07-06,1009.25
1998-07-07,1008.75
1998-07-08,1014.5
1998-07-09,1006.05
1998-07-10,1016.5
1998-07-13,1025.25
1998-07-14,1039.25
1998-07-15,1043.25
1998-07-16,1049.5
1998-07-17,1050.75
1998-07-20,1049.5
1998-07-21,1041.75
1998-07-22,1045.75
1998-07-23,1079.0
1998-07-24,1112.0
1998-07-27,1089.0
1998-07-28,1071.5
1998-07-29,1074.0
1998-07-30,1079.0
1998-07-31,1067.25
1998-08-03,1041.5
1998-08-04,1049.0
1998-08-05,1059.5
1998-08-06,1054.5
1998-08-07,1054.5
1998-08-10,1041.75
1998-08-11,1022.25
1998-08-12,1024.5
1998-08-13,1028.0
1998-08-14,1026.5
1998-08-17,1015.0
1998-08-18,1024.0
1998-08-19,1049.5
1998-08-20,1035.75
1998-08-21,1016.75
1998-08-24,1019.75
1998-08-25,1020.0
1998-08-26,1016.75
1998-08-27,1006.25
1998-08-28,1007.0
1998-09-01,1030.75
1998-09-02,1021.25
1998-09-03,1028.5
1998-09-04,1024.0
1998-09-07,1024.25
1998-09-08,1020.0
1998-09-09,1016.05
1998-09-10,1013.25
1998-09-11,1012.15
1998-09-14,1011.75
1998-09-15,1011.25
1998-09-16,1010.55
1998-09-17,974.0
1998-09-18,981.75
1998-09-21,966.0
1998-09-22,967.0
1998-09-23,984.75
1998-09-24,978.5
1998-09-25,974.25
1998-09-28,969.0
1998-09-29,976.0
1998-09-30,963.75
1998-10-01,972.0
1998-10-02,950.5
1998-10-05,943.25
1998-10-06,955.5
1998-10-07,965.75
1998-10-08,946.0
1998-10-09,928.25
1998-10-12,935.75
1998-10-13,934.5
1998-10-14,931.25
1998-10-15,928.25
1998-10-16,943.25
1998-10-19,953.0
1998-10-20,955.25
1998-10-21,934.0
1998-10-22,930.5
1998-10-23,936.0
1998-10-26,925.5
1998-10-27,927.25
1998-10-28,931.75
1998-10-29,930.75
1998-10-30,929.25
1998-11-02,952.0
1998-11-03,946.5
1998-11-04,954.75
1998-11-05,954.0
1998-11-06,955.75
1998-11-09,954.5
1998-11-10,949.75
1998-11-11,949.5
1998-11-12,955.25
1998-11-13,963.25
1998-11-16,957.5
1998-11-17,965.0
1998-11-18,968.75
1998-11-19,967.0
1998-11-20,993.0
1998-11-23,987.75
1998-11-24,979.5
1998-11-25,978.5
1998-11-26,985.0
1998-11-27,995.75
1998-11-30,991.0
1998-12-01,988.75
1998-12-02,977.5
1998-12-03,969.5
1998-12-04,960.75
1998-12-07,971.25
1998-12-08,970.0
1998-12-09,982.0
1998-12-10,990.75
1998-12-11,980.5
1998-12-14,973.0
1998-12-15,957.5
1998-12-16,961.75
1998-12-17,942.5
1998-12-18,941.25
1998-12-21,946.5
1998-12-22,943.75
1998-12-23,941.75
1998-12-24,940.0
1998-12-29,934.0
1998-12-30,908.5
1998-12-31,917.0
1999-01-04,905.0
1999-01-05,910.0
1999-01-06,913.5
1999-01-07,904.75
1999-01-08,930.0
1999-01-11,937.5
1999-01-12,927.5
1999-01-13,918.25
1999-01-14,916.75
1999-01-15,935.0
1999-01-18,920.75
1999-01-19,932.0
1999-01-20,929.5
1999-01-21,953.5
1999-01-22,947.75
1999-01-25,957.5
1999-01-26,963.5
1999-01-27,947.0
1999-01-28,956.75
1999-01-29,958.75
1999-02-01,979.25
1999-02-02,978.25
1999-02-03,974.25
1999-02-04,1010.25
1999-02-05,1016.75
1999-02-08,1034.75
1999-02-09,1023.0
1999-02-10,1022.5
1999-02-11,1029.5
1999-02-12,1018.0
1999-02-15,1013.75
1999-02-16,1016.25
1999-02-17,1030.5
1999-02-18,1044.0
1999-02-19,1038.0
1999-02-22,1003.0
1999-02-23,1029.75
1999-02-24,1023.0
1999-02-25,1036.75
1999-02-26,1048.0
1999-03-01,1041.0
1999-03-02,1056.0
1999-03-03,1037.0
1999-03-04,1049.75
1999-03-05,1041.5
1999-03-08,1029.75
1999-03-09,1021.75
1999-03-10,1031.0
1999-03-11,1023.25
1999-03-12,1029.5
1999-03-15,1029.5
1999-03-16,1018.25
1999-03-17,1011.0
1999-03-18,1016.5
1999-03-19,1016.75
1999-03-22,1019.75
1999-03-23,1042.0
1999-03-24,1040.0
1999-03-25,1040.5
1999-03-26,1044.75
1999-03-29,1034.0
1999-03-30,979.5
1999-03-31,986.75
1999-04-01,982.75
1999-04-06,970.25
1999-04-07,978.0
1999-04-08,986.5
1999-04-09,986.25
1999-04-12,986.0
1999-04-13,996.75
1999-04-14,991.5
1999-04-15,1019.75
1999-04-16,1034.5
1999-04-19,1036.5
1999-04-20,1019.0
1999-04-21,1013.25
1999-04-22,1025.25
1999-04-23,1033.75
1999-04-26,1043.5
1999-04-27,1070.0
1999-04-28,1069.25
1999-04-29,1064.25
1999-04-30,1065.2
1999-05-03,1065.2
1999-05-04,1055.75
1999-05-05,1056.25
1999-05-06,1069.0
1999-05-07,1062.25
1999-05-10,1051.85
1999-05-11,1065.2
1999-05-12,1067.75
1999-05-13,1063.75
1999-05-14,1066.25
1999-05-17,1057.0
1999-05-18,1052.75
1999-05-19,1038.75
1999-05-20,1039.0
1999-05-21,1019.5
1999-05-24,999.5
1999-05-25,1011.75
1999-05-26,1001.75
1999-05-27,955.25
1999-05-28,964.75
1999-06-01,965.75
1999-06-02,953.5
1999-06-03,952.75
1999-06-04,969.5
1999-06-07,969.55
1999-06-08,995.1
1999-06-09,989.5
1999-06-10,1010.9
1999-06-11,999.45
1999-06-14,1001.5
1999-06-15,988.0
1999-06-16,985.25
1999-06-17,995.5
1999-06-18,1018.75
1999-06-21,1023.25
1999-06-22,1028.25
1999-06-23,1018.0
1999-06-24,1025.5
1999-06-25,1017.0
1999-06-28,1027.25
1999-06-29,1018.25
1999-06-30,1021.25
1999-07-01,1014.25
1999-07-02,1016.5
1999-07-05,1014.5
1999-07-06,1012.75
1999-07-07,1028.5
1999-07-08,1104.5
1999-07-09,1092.5
1999-07-12,1097.35
1999-07-13,1093.15
1999-07-14,1110.7
1999-07-15,1120.0
1999-07-16,1117.25
1999-07-19,1107.75
1999-07-20,1095.0
1999-07-21,1093.75
1999-07-22,1080.0
1999-07-23,1067.25
1999-07-26,1056.5
1999-07-27,1078.0
1999-07-28,1062.55
1999-07-29,1067.5
1999-07-30,1069.25
1999-08-02,1057.25
1999-08-03,1067.25
1999-08-04,1090.5
1999-08-05,1104.0
1999-08-06,1113.75
1999-08-09,1110.6
1999-08-10,1129.5
1999-08-11,1158.85
1999-08-12,1148.25
1999-08-13,1135.65
1999-08-16,1139.0
1999-08-17,1153.25
1999-08-18,1157.5
1999-08-19,1159.5
1999-08-20,1158.0
1999-08-23,1146.5
1999-08-24,1155.75
1999-08-25,1145.75
1999-08-26,1151.5
1999-08-27,1145.0
1999-08-30,1145.0
1999-08-31,1190.0
1999-09-01,1191.0
1999-09-02,1195.75
1999-09-03,1190.5
1999-09-06,1202.25
1999-09-07,1218.5
1999-09-08,1218.0
1999-09-09,1216.5
1999-09-10,1209.2
1999-09-13,1203.0
1999-09-14,1180.0
1999-09-15,1171.0
1999-09-16,1191.75
1999-09-17,1194.0
1999-09-20,1199.0
1999-09-21,1189.0
1999-09-22,1171.0
1999-09-23,1164.75
1999-09-24,1166.25
1999-09-27,1167.45
1999-09-28,1184.25
1999-09-29,1174.0
1999-09-30,1184.25
1999-10-01,1181.1
1999-10-04,1165.25
1999-10-05,1160.75
1999-10-06,1166.5
1999-10-07,1167.0
1999-10-08,1116.5
1999-10-11,1093.75
1999-10-12,1129.5
1999-10-13,1128.6
1999-10-14,1124.5
1999-10-15,1129.9
1999-10-18,1149.0
1999-10-19,1145.5
1999-10-20,1152.3
1999-10-21,1143.75
1999-10-22,1152.25
1999-10-25,1163.75
1999-10-26,1146.0
1999-10-27,1123.5
1999-10-28,1133.5
1999-10-29,1142.0
1999-11-01,1133.0
1999-11-02,1141.0
1999-11-03,1148.0
1999-11-05,1136.5
1999-11-08,1128.0
1999-11-09,1140.25
1999-11-10,1145.75
1999-11-11,1126.5
1999-11-12,1110.5
1999-11-15,1116.25
1999-11-16,1140.0
1999-11-17,1141.5
1999-11-18,1143.5
1999-11-19,1150.0
1999-11-22,1150.5
1999-11-23,1154.75
1999-11-24,1166.25
1999-11-25,1170.0
1999-11-26,1164.75
1999-11-29,1165.0
1999-11-30,1168.75
1999-12-01,1159.75
1999-12-02,1146.5
1999-12-03,1169.25
1999-12-06,1184.5
1999-12-07,1166.4
1999-12-08,1161.5
1999-12-09,1170.0
1999-12-10,1160.25
1999-12-13,1163.0
1999-12-14,1173.0
1999-12-15,1184.25
1999-12-16,1207.25
1999-12-17,1196.5
1999-12-20,1188.5
1999-12-21,1185.0
1999-12-22,1210.5
1999-12-23,1212.5
1999-12-24,1201.25
1999-12-27,1201.25
1999-12-28,1201.25
1999-12-29,1228.0
1999-12-30,1227.5
1999-12-31,1227.5
2000-01-03,1227.5
2000-01-04,1210.0
2000-01-05,1204.75
2000-01-06,1208.5
2000-01-07,1206.25
2000-01-10,1194.25
2000-01-11,1182.75
2000-01-12,1193.85
2000-01-13,1193.65
2000-01-14,1195.4
2000-01-17,1186.0
2000-01-18,1186.25
2000-01-19,1198.5
2000-01-20,1186.5
2000-01-21,1183.0
2000-01-24,1169.0
2000-01-25,1137.0
2000-01-26,1128.5
2000-01-27,1133.5
2000-01-28,1131.25
2000-01-31,1118.75
2000-02-01,1104.0
2000-02-02,1086.95
2000-02-03,1101.75
2000-02-04,1089.25
2000-02-07,1083.5
2000-02-08,1083.0
2000-02-09,1086.5
2000-02-10,1095.5
2000-02-11,1102.0
2000-02-14,1084.25
2000-02-15,1076.0
2000-02-16,1088.25
2000-02-17,1096.0
2000-02-18,1095.75
2000-02-21,1078.75
2000-02-22,1088.5
2000-02-23,1093.25
2000-02-24,1098.5
2000-02-25,1093.75
2000-02-28,1053.0
2000-02-29,1068.55
2000-03-01,1119.25
2000-03-02,1117.75
2000-03-03,1118.0
2000-03-06,1126.0
2000-03-07,1131.5
2000-03-08,1127.0
2000-03-09,1143.9
2000-03-10,1131.15
2000-03-13,1118.5
2000-03-14,1124.25
2000-03-15,1119.25
2000-03-16,1125.75
2000-03-17,1137.0
2000-03-20,1126.5
2000-03-21,1130.5
2000-03-22,1115.0
2000-03-23,1108.5
2000-03-24,1105.6
2000-03-27,1091.0
2000-03-28,1097.0
2000-03-29,1087.75
2000-03-30,1092.25
2000-03-31,1105.4
2000-04-03,1097.3
2000-04-04,1079.5
2000-04-05,1087.0
2000-04-06,1084.5
2000-04-07,1102.0
2000-04-10,1140.75
2000-04-11,1140.0
2000-04-12,1133.0
2000-04-13,1137.0
2000-04-14,1112.75
2000-04-17,1125.5
2000-04-18,1133.75
2000-04-19,1146.0
2000-04-20,1159.75
2000-04-21,1159.75
2000-04-24,1159.75
2000-04-25,1164.0
2000-04-26,1166.0
2000-04-27,1161.5
2000-04-28,1160.25
2000-05-01,1160.25
2000-05-02,1162.5
2000-05-03,1134.75
2000-05-04,1149.25
2000-05-05,1152.0
2000-05-08,1137.5
2000-05-09,1140.75
2000-05-10,1151.5
2000-05-11,1145.9
2000-05-12,1161.95
2000-05-15,1168.5
2000-05-16,1184.25
2000-05-17,1168.0
2000-05-18,1162.25
2000-05-19,1160.0
2000-05-22,1161.0
2000-05-23,1165.5
2000-05-24,1168.25
2000-05-25,1158.25
2000-05-26,1149.0
2000-05-29,1158.0
2000-05-30,1125.0
2000-05-31,1119.0
2000-06-01,1113.25
2000-06-02,1106.5
2000-06-05,1098.25
2000-06-06,1097.0
2000-06-07,1079.25
2000-06-08,1096.75
2000-06-09,1100.0
2000-06-12,1084.5
2000-06-13,1100.5
2000-06-14,1108.25
2000-06-15,1107.8
2000-06-16,1130.4
2000-06-19,1137.5
2000-06-20,1125.5
2000-06-21,1120.75
2000-06-22,1131.5
2000-06-23,1120.25
2000-06-26,1137.25
2000-06-27,1138.0
2000-06-28,1142.25
2000-06-29,1140.75
2000-06-30,1139.5
2000-07-03,1133.5
2000-07-04,1128.5
2000-07-05,1129.25
2000-07-06,1120.0
2000-07-07,1122.0
2000-07-10,1114.0
2000-07-11,1126.0
2000-07-12,1128.75
2000-07-13,1122.5
2000-07-14,1121.05
2000-07-17,1125.75
2000-07-18,1124.5
2000-07-19,1145.0
2000-07-20,1151.25
2000-07-21,1147.75
2000-07-24,1150.75
2000-07-25,1151.0
2000-07-26,1144.75
2000-07-27,1152.5
2000-07-28,1161.0
2000-07-31,1154.0
2000-08-01,1161.25
2000-08-02,1154.0
2000-08-03,1145.0
2000-08-04,1144.5
2000-08-07,1148.0
2000-08-08,1144.0
2000-08-09,1137.0
2000-08-10,1153.0
2000-08-11,1162.75
2000-08-14,1186.0
2000-08-15,1194.0
2000-08-16,1183.0
2000-08-17,1186.0
2000-08-18,1183.0
2000-08-21,1187.5
2000-08-22,1196.5
2000-08-23,1181.0
2000-08-24,1185.0
2000-08-25,1180.25
2000-08-28,1180.25
2000-08-29,1196.5
2000-08-30,1191.0
2000-08-31,1189.0
2000-09-01,1205.25
2000-09-04,1225.0
2000-09-05,1219.0
2000-09-06,1216.5
2000-09-07,1223.5
2000-09-08,1248.0
2000-09-11,1241.0
2000-09-12,1264.25
2000-09-13,1249.0
2000-09-14,1245.4
2000-09-15,1220.1
2000-09-18,1230.0
2000-09-19,1203.0
2000-09-20,1214.0
2000-09-21,1234.5
2000-09-22,1223.0
2000-09-25,1235.0
2000-09-26,1205.5
2000-09-27,1194.0
2000-09-28,1177.0
2000-09-29,1182.0
2000-10-02,1164.0
2000-10-03,1151.75
2000-10-04,1139.25
2000-10-05,1151.0
2000-10-06,1139.0
2000-10-09,1099.25
2000-10-10,1099.0
2000-10-11,1102.25
2000-10-12,1097.5
2000-10-13,1103.4
2000-10-16,1074.0
2000-10-17,1060.5
2000-10-18,1059.5
2000-10-19,1062.0
2000-10-20,1064.25
2000-10-23,1068.0
2000-10-24,1076.5
2000-10-25,1060.25
2000-10-26,1048.5
2000-10-27,1052.75
2000-10-30,1067.0
2000-10-31,1075.5
2000-11-01,1087.0
2000-11-02,1089.25
2000-11-03,1081.1
2000-11-06,1078.5
2000-11-07,1073.5
2000-11-08,1086.25
2000-11-09,1068.59
2000-11-10,1055.42
2000-11-13,1049.5
2000-11-14,1052.75
2000-11-15,1050.5
2000-11-16,1052.25
2000-11-17,1044.0
2000-11-20,1040.5
2000-11-21,1038.0
2000-11-22,1035.25
2000-11-23,1041.75
2000-11-24,1056.75
2000-11-27,1051.0
2000-11-28,1056.0
2000-11-29,1052.25
2000-11-30,1050.5
2000-12-01,1051.0
2000-12-04,1045.75
2000-12-05,1053.5
2000-12-06,1054.5
2000-12-07,1075.5
2000-12-08,1095.5
2000-12-11,1096.25
2000-12-12,1083.5
2000-12-13,1082.25
2000-12-14,1085.5
2000-12-15,1074.45
2000-12-18,1064.0
2000-12-19,1066.0
2000-12-20,1038.5
2000-12-21,1042.5
2000-12-22,1045.9
2000-12-27,1028.0
2000-12-28,1032.5
2000-12-29,1025.5
2001-01-02,1011.5
2001-01-03,1012.0
2001-01-04,1015.0
2001-01-05,1011.0
2001-01-08,1028.5
2001-01-09,1023.0
2001-01-10,1023.65
2001-01-11,1031.7
2001-01-12,1044.95
2001-01-15,1040.5
2001-01-16,1030.75
2001-01-17,1026.75
2001-01-18,1031.75
2001-01-19,1037.25
2001-01-22,1048.75
2001-01-23,1045.0
2001-01-24,1033.0
2001-01-25,1042.5
2001-01-26,1045.5
2001-01-29,1046.25
2001-01-30,1050.0
2001-01-31,1039.75
2001-02-01,1033.0
2001-02-02,1038.0
2001-02-05,1028.0
2001-02-06,1037.5
2001-02-07,1024.0
2001-02-08,1038.0
2001-02-09,1021.25
2001-02-12,1015.5
2001-02-13,1011.0
2001-02-14,1015.25
2001-02-15,1021.25
2001-02-16,1013.75
2001-02-19,1014.25
2001-02-20,1013.0
2001-02-21,1008.25
2001-02-22,1009.5
2001-02-23,1014.5
2001-02-26,1024.5
2001-02-27,1021.0
2001-02-28,1029.75
2001-03-01,1037.5
2001-03-02,1033.0
2001-03-05,1035.0
2001-03-06,1036.25
2001-03-07,1020.25
2001-03-08,1012.0
2001-03-09,1012.0
2001-03-12,1004.5
2001-03-13,999.5
2001-03-14,996.5
2001-03-15,1000.25
2001-03-16,1001.95
2001-03-19,1010.5
2001-03-20,997.0
2001-03-21,997.0
2001-03-22,999.0
2001-03-23,998.5
2001-03-26,991.0
2001-03-27,989.75
2001-03-28,986.5
2001-03-29,988.0
2001-03-30,977.5
2001-04-02,967.5
2001-04-03,974.0
2001-04-04,982.75
2001-04-05,987.0
2001-04-06,974.25
2001-04-09,971.0
2001-04-10,971.0
2001-04-11,974.7
2001-04-12,978.0
2001-04-17,967.25
2001-04-18,971.0
2001-04-19,965.0
2001-04-20,967.25
2001-04-23,959.25
2001-04-24,960.5
2001-04-25,967.0
2001-04-26,966.75
2001-04-27,958.0
2001-04-30,952.0
2001-05-01,957.5
2001-05-02,959.75
2001-05-03,959.75
2001-05-04,949.25
2001-05-08,940.75
2001-05-09,946.25
2001-05-10,942.15
2001-05-11,944.95
2001-05-14,933.0
2001-05-15,931.25
2001-05-16,935.0
2001-05-17,944.5
2001-05-18,945.0
2001-05-21,939.25
2001-05-22,931.75
2001-05-23,931.5
2001-05-24,932.75
2001-05-25,921.5
2001-05-29,916.75
2001-05-30,921.0
2001-05-31,913.0
2001-06-01,911.5
2001-06-04,906.0
2001-06-05,913.75
2001-06-06,915.0
2001-06-07,902.0
2001-06-08,903.75
2001-06-11,901.25
2001-06-12,893.25
2001-06-13,899.9
2001-06-14,908.55
2001-06-15,906.0
2001-06-18,899.0
2001-06-19,897.5
2001-06-20,890.5
2001-06-21,885.75
2001-06-22,887.75
2001-06-25,884.5
2001-06-26,884.25
2001-06-27,894.5
2001-06-28,875.5
2001-06-29,875.0
2001-07-02,874.0
2001-07-03,863.0
2001-07-04,866.0
2001-07-05,864.5
2001-07-06,865.0
2001-07-09,860.8
2001-07-10,859.35
2001-07-11,862.4
2001-07-12,855.65
2001-07-13,849.7
2001-07-16,839.5
2001-07-17,848.5
2001-07-18,850.35
2001-07-19,846.5
2001-07-20,850.5
2001-07-23,846.75
2001-07-24,852.25
2001-07-25,844.5
2001-07-26,844.75
2001-07-27,845.06
2001-07-30,843.0
2001-07-31,840.5
2001-08-01,841.0
2001-08-02,842.75
2001-08-03,840.1
2001-08-06,829.9
2001-08-07,822.0
2001-08-08,821.75
2001-08-09,824.0
2001-08-10,825.0
2001-08-13,812.25
2001-08-14,832.5
2001-08-15,830.75
2001-08-16,832.0
2001-08-17,857.0
2001-08-20,843.75
2001-08-21,814.5
2001-08-22,826.25
2001-08-23,835.25
2001-08-24,836.5
2001-08-28,821.25
2001-08-29,824.75
2001-08-30,821.5
2001-08-31,825.5
2001-09-03,818.5
2001-09-04,826.0
2001-09-05,822.0
2001-09-06,814.75
2001-09-07,807.0
2001-09-10,808.0
2001-09-11,819.3
2001-09-12,810.45
2001-09-13,809.0
2001-09-14,814.5
2001-09-17,804.5
2001-09-18,805.75
2001-09-19,788.0
2001-09-20,778.5
2001-09-21,774.0
2001-09-24,770.0
2001-09-25,777.0
2001-09-26,779.5
2001-09-27,786.0
2001-09-28,777.25
2001-10-01,775.25
2001-10-02,773.1
2001-10-03,771.0
2001-10-04,767.5
2001-10-05,771.5
2001-10-08,773.25
2001-10-09,770.5
2001-10-10,763.5
2001-10-11,767.75
2001-10-12,778.75
2001-10-15,752.5
2001-10-16,762.75
2001-10-17,758.75
2001-10-18,749.0
2001-10-19,753.0
2001-10-22,748.5
2001-10-23,754.5
2001-10-24,755.5
2001-10-25,748.75
2001-10-26,764.5
2001-10-29,755.0
2001-10-30,753.75
2001-10-31,751.0
2001-11-01,759.5
2001-11-02,747.0
2001-11-05,752.5
2001-11-06,741.25
2001-11-07,737.5
2001-11-08,741.5
2001-11-09,767.2
2001-11-12,779.25
2001-11-13,791.75
2001-11-14,798.5
2001-11-15,802.0
2001-11-16,801.75
2001-11-19,793.75
2001-11-20,783.5
2001-11-21,785.0
2001-11-22,779.75
2001-11-23,782.75
2001-11-26,785.0
2001-11-27,773.5
2001-11-28,776.0
2001-11-29,770.5
2001-11-30,785.75
2001-12-03,759.5
2001-12-04,770.5
2001-12-05,769.4
2001-12-06,765.25
2001-12-07,756.25
2001-12-10,741.25
2001-12-11,744.0
2001-12-12,744.75
2001-12-13,745.25
2001-12-14,742.5
2001-12-17,747.0
2001-12-18,755.0
2001-12-19,760.25
2001-12-20,767.0
2001-12-21,775.75
2001-12-27,770.0
2001-12-28,771.5
2002-01-02,769.75
2002-01-03,793.9
2002-01-04,809.0
2002-01-07,829.25
2002-01-08,812.0
2002-01-09,810.0
2002-01-10,809.75
2002-01-11,810.25
2002-01-14,825.5
2002-01-15,807.25
2002-01-16,816.0
2002-01-17,801.5
2002-01-18,790.0
2002-01-21,771.5
2002-01-22,779.5
2002-01-23,781.0
2002-01-24,786.75
2002-01-25,780.25
2002-01-28,777.25
2002-01-29,765.5
2002-01-30,771.0
2002-01-31,775.0
2002-02-01,795.5
2002-02-04,784.5
2002-02-05,778.75
2002-02-06,780.0
2002-02-07,775.25
2002-02-08,773.2
2002-02-11,755.25
2002-02-12,761.0
2002-02-13,773.25
2002-02-14,773.25
2002-02-15,768.0
2002-02-18,764.0
2002-02-19,762.5
2002-02-20,768.75
2002-02-21,772.5
2002-02-22,765.25
2002-02-25,767.0
2002-02-26,772.75
2002-02-27,785.0
2002-02-28,793.25
2002-03-01,795.0
2002-03-04,805.5
2002-03-05,796.45
2002-03-06,806.75
2002-03-07,816.75
2002-03-08,823.0
2002-03-11,821.25
2002-03-12,820.25
2002-03-13,817.25
2002-03-14,813.75
2002-03-15,818.75
2002-03-18,848.5
2002-03-19,839.25
2002-03-20,838.0
2002-03-21,821.75
2002-03-22,818.5
2002-03-25,817.75
2002-03-26,829.25
2002-03-27,828.25
2002-03-28,823.25
2002-04-02,834.25
2002-04-03,819.75
2002-04-04,805.75
2002-04-05,806.75
2002-04-08,796.0
2002-04-09,798.75
2002-04-10,799.5
2002-04-11,794.25
2002-04-12,792.75
2002-04-15,797.25
2002-04-16,811.25
2002-04-17,817.5
2002-04-18,809.0
2002-04-19,806.0
2002-04-22,810.75
2002-04-23,814.0
2002-04-24,807.75
2002-04-25,806.0
2002-04-26,811.0
2002-04-29,817.75
2002-04-30,802.5
2002-05-01,788.25
2002-05-02,796.5
2002-05-03,797.25
2002-05-07,795.5
2002-05-08,795.0
2002-05-09,788.0
2002-05-10,773.75
2002-05-13,774.6
2002-05-14,771.8
2002-05-15,766.0
2002-05-16,764.75
2002-05-17,755.0
2002-05-20,740.5
2002-05-21,747.5
2002-05-22,751.5
2002-05-23,754.0
2002-05-24,752.5
2002-05-27,749.75
2002-05-28,760.25
2002-05-29,754.25
2002-05-30,759.0
2002-05-31,765.5
2002-06-05,776.75
2002-06-06,777.5
2002-06-07,773.5
2002-06-10,776.5
2002-06-11,772.0
2002-06-12,770.25
2002-06-13,764.35
2002-06-14,758.0
2002-06-17,754.0
2002-06-18,759.5
2002-06-19,756.25
2002-06-20,749.75
2002-06-21,757.0
2002-06-24,761.75
2002-06-25,777.5
2002-06-26,775.75
2002-06-27,784.0
2002-06-28,805.0
2002-07-01,806.0
2002-07-02,797.6
2002-07-03,798.1
2002-07-04,798.25
2002-07-05,816.75
2002-07-08,816.0
2002-07-09,816.75
2002-07-10,810.0
2002-07-11,818.75
2002-07-12,823.25
2002-07-15,825.75
2002-07-16,817.5
2002-07-17,808.0
2002-07-18,812.25
2002-07-19,813.25
2002-07-22,788.75
2002-07-23,766.0
2002-07-24,759.5
2002-07-25,759.25
2002-07-26,757.75
2002-07-29,762.0
2002-07-30,757.25
2002-07-31,756.0
2002-08-01,752.0
2002-08-02,740.0
2002-08-05,738.0
2002-08-06,744.75
2002-08-07,737.75
2002-08-08,742.0
2002-08-09,738.75
2002-08-12,731.75
2002-08-13,731.75
2002-08-14,722.75
2002-08-15,748.0
2002-08-16,739.25
2002-08-19,756.5
2002-08-20,758.0
2002-08-21,755.75
2002-08-22,763.0
2002-08-23,764.25
2002-08-27,765.5
2002-08-28,767.5
2002-08-29,762.5
2002-08-30,764.75
2002-09-02,763.5
2002-09-03,752.0
2002-09-04,755.0
2002-09-05,753.5
2002-09-06,756.5
2002-09-09,758.45
2002-09-10,774.75
2002-09-11,778.25
2002-09-12,776.25
2002-09-13,774.0
2002-09-16,766.5
2002-09-17,766.0
2002-09-18,750.25
2002-09-19,750.25
2002-09-20,751.0
2002-09-23,745.75
2002-09-24,736.5
2002-09-25,743.25
2002-09-26,748.75
2002-09-27,743.25
2002-09-30,735.5
2002-10-01,743.5
2002-10-02,748.5
2002-10-03,744.0
2002-10-04,738.5
2002-10-07,740.5
2002-10-08,745.0
2002-10-09,747.5
2002-10-10,747.65
2002-10-11,749.4
2002-10-14,740.0
2002-10-15,745.0
2002-10-16,742.5
2002-10-17,762.0
2002-10-18,760.75
2002-10-21,763.5
2002-10-22,757.25
2002-10-23,755.0
2002-10-24,764.0
2002-10-25,773.5
2002-10-28,771.25
2002-10-29,770.5
2002-10-30,773.5
2002-10-31,783.5
2002-11-01,775.75
2002-11-04,768.0
2002-11-05,762.5
2002-11-06,764.75
2002-11-07,738.2
2002-11-08,746.0
2002-11-11,745.5
2002-11-12,741.5
2002-11-13,752.5
2002-11-14,747.25
2002-11-15,752.5
2002-11-18,750.25
2002-11-19,745.75
2002-11-20,764.75
2002-11-21,780.5
2002-11-22,781.25
2002-11-25,780.0
2002-11-26,775.75
2002-11-27,786.0
2002-11-28,801.5
2002-11-29,819.5
2002-12-02,803.75
2002-12-03,804.0
2002-12-04,804.25
2002-12-05,804.25
2002-12-06,802.75
2002-12-09,801.0
2002-12-10,804.0
2002-12-11,811.5
2002-12-12,824.1
2002-12-13,815.25
2002-12-16,800.25
2002-12-17,803.5
2002-12-18,797.5
2002-12-19,787.25
2002-12-20,781.25
2002-12-23,777.5
2002-12-24,775.75
2002-12-30,755.75
2002-12-31,753.75
2003-01-02,760.0
2003-01-03,759.5
2003-01-06,768.75
2003-01-07,770.0
2003-01-08,770.0
2003-01-09,777.5
2003-01-10,771.25
2003-01-13,768.0
2003-01-14,771.25
2003-01-15,784.75
2003-01-16,790.25
2003-01-17,787.25
2003-01-20,797.0
2003-01-21,797.75
2003-01-22,802.0
2003-01-23,802.25
2003-01-24,797.75
2003-01-27,779.5
2003-01-28,778.5
2003-01-29,778.5
2003-01-30,793.25
2003-01-31,806.0
2003-02-03,807.75
2003-02-04,797.25
2003-02-05,796.5
2003-02-06,789.0
2003-02-07,775.25
2003-02-10,786.25
2003-02-11,785.25
2003-02-12,785.45
2003-02-13,772.25
2003-02-14,768.5
2003-02-17,763.75
2003-02-18,760.5
2003-02-19,765.75
2003-02-20,772.5
2003-02-21,779.25
2003-02-24,799.0
2003-02-25,794.0
2003-02-26,804.75
2003-02-27,809.0
2003-02-28,800.75
2003-03-03,803.25
2003-03-04,798.0
2003-03-05,786.0
2003-03-06,793.25
2003-03-07,811.5
2003-03-10,803.5
2003-03-11,814.75
2003-03-12,803.0
2003-03-13,796.5
2003-03-14,787.0
2003-03-17,792.75
2003-03-18,794.75
2003-03-19,796.25
2003-03-20,783.65
2003-03-21,793.0
2003-03-24,786.75
2003-03-25,787.0
2003-03-26,776.5
2003-03-27,769.75
2003-03-28,760.75
2003-03-31,758.5
2003-04-01,765.25
2003-04-02,760.25
2003-04-03,743.0
2003-04-04,751.5
2003-04-07,759.25
2003-04-08,754.5
2003-04-09,751.75
2003-04-10,746.0
2003-04-11,758.75
2003-04-14,757.0
2003-04-15,764.0
2003-04-16,763.5
2003-04-17,769.75
2003-04-22,751.5
2003-04-23,748.75
2003-04-24,750.75
2003-04-25,751.75
2003-04-28,753.5
2003-04-29,761.75
2003-04-30,772.0
2003-05-01,769.25
2003-05-02,760.0
2003-05-06,753.75
2003-05-07,755.75
2003-05-08,759.0
2003-05-09,766.0
2003-05-12,762.0
2003-05-13,786.5
2003-05-14,790.5
2003-05-15,798.5
2003-05-16,790.0
2003-05-19,782.0
2003-05-20,777.5
2003-05-21,793.0
2003-05-22,787.25
2003-05-23,780.0
2003-05-27,784.5
2003-05-28,780.25
2003-05-29,769.25
2003-05-30,777.0
2003-06-02,798.75
2003-06-03,801.5
2003-06-04,796.5
2003-06-05,802.5
2003-06-06,805.25
2003-06-09,790.75
2003-06-10,785.5
2003-06-11,775.0
2003-06-12,780.5
2003-06-13,783.5
2003-06-16,783.5
2003-06-17,791.5
2003-06-18,801.25
2003-06-19,798.75
2003-06-20,787.75
2003-06-23,786.0
2003-06-24,791.25
2003-06-25,788.0
2003-06-26,783.25
2003-06-27,787.0
2003-06-30,785.5
2003-07-01,788.0
2003-07-02,802.0
2003-07-03,804.5
2003-07-04,805.0
2003-07-07,815.5
2003-07-08,812.75
2003-07-09,813.4
2003-07-10,817.5
2003-07-11,821.5
2003-07-14,837.0
2003-07-15,836.0
2003-07-16,828.0
2003-07-17,829.25
2003-07-18,833.25
2003-07-21,834.5
2003-07-22,836.75
2003-07-23,840.0
2003-07-24,844.0
2003-07-25,849.5
2003-07-28,854.25
2003-07-29,851.0
2003-07-30,842.25
2003-07-31,859.25
2003-08-01,853.0
2003-08-04,847.0
2003-08-05,848.5
2003-08-06,845.75
2003-08-07,857.0
2003-08-08,822.5
2003-08-11,819.5
2003-08-12,816.5
2003-08-13,814.75
2003-08-14,820.85
2003-08-15,794.55
2003-08-18,783.0
2003-08-19,796.0
2003-08-20,796.25
2003-08-21,799.0
2003-08-22,797.5
2003-08-26,791.5
2003-08-27,795.75
2003-08-28,796.0
2003-08-29,809.0
2003-09-01,810.5
2003-09-02,814.5
2003-09-03,824.25
2003-09-04,808.75
2003-09-05,817.5
2003-09-08,819.5
2003-09-09,809.25
2003-09-10,810.5
2003-09-11,813.25
2003-09-12,806.5
2003-09-15,811.75
2003-09-16,810.0
2003-09-17,811.75
2003-09-18,811.25
2003-09-19,822.5
2003-09-22,821.75
2003-09-23,823.5
2003-09-24,836.0
2003-09-25,838.25
2003-09-26,835.5
2003-09-29,830.5
2003-09-30,829.0
2003-10-01,828.5
2003-10-02,835.75
2003-10-03,843.75
2003-10-06,859.25
2003-10-07,880.0
2003-10-08,875.5
2003-10-09,887.55
2003-10-10,884.8
2003-10-13,916.5
2003-10-14,890.0
2003-10-15,908.75
2003-10-16,919.75
2003-10-17,907.25
2003-10-20,922.75
2003-10-21,922.5
2003-10-22,932.25
2003-10-23,923.5
2003-10-24,911.0
2003-10-27,916.0
2003-10-28,915.25
2003-10-29,938.25
2003-10-30,931.75
2003-10-31,951.25
2003-11-03,909.75
2003-11-04,931.0
2003-11-05,923.5
2003-11-06,918.75
2003-11-07,902.5
2003-11-10,902.25
2003-11-11,913.0
2003-11-12,930.5
2003-11-13,922.0
2003-11-14,930.75
2003-11-17,888.0
2003-11-18,909.0
2003-11-19,910.75
2003-11-20,892.75
2003-11-21,897.75
2003-11-24,915.25
2003-11-25,909.5
2003-11-26,912.0
2003-11-27,926.5
2003-11-28,938.75
2003-12-01,946.25
2003-12-02,961.9
2003-12-03,969.0
2003-12-04,964.5
2003-12-05,969.25
2003-12-08,960.5
2003-12-09,967.0
2003-12-10,974.0
2003-12-11,972.5
2003-12-12,980.25
2003-12-15,974.25
2003-12-16,980.75
2003-12-17,972.5
2003-12-18,983.0
2003-12-19,989.5
2003-12-22,973.0
2003-12-23,988.0
2003-12-24,989.5
2003-12-29,994.5
2003-12-30,998.0
2003-12-31,1003.75
2004-01-02,1027.0
2004-01-05,1032.15
2004-01-06,1009.6
2004-01-07,1006.0
2004-01-08,1035.0
2004-01-09,1025.75
2004-01-12,1016.75
2004-01-13,1013.25
2004-01-14,1019.25
2004-01-15,1003.5
2004-01-16,1001.0
2004-01-19,1009.0
2004-01-20,1021.4
2004-01-21,1025.0
2004-01-22,1017.75
2004-01-23,1014.0
2004-01-26,998.0
2004-01-27,997.5
2004-01-28,1024.25
2004-01-29,1012.0
2004-01-30,1025.5
2004-02-02,1035.25
2004-02-03,1052.75
2004-02-04,1051.0
2004-02-05,1061.75
2004-02-06,1065.25
2004-02-09,1062.75
2004-02-10,1057.75
2004-02-11,1067.25
2004-02-12,1086.0
2004-02-13,1078.25
2004-02-16,1091.0
2004-02-17,1112.0
2004-02-18,1093.5
2004-02-19,1106.25
2004-02-20,1104.5
2004-02-23,1098.0
2004-02-24,1124.0
2004-02-25,1114.25
2004-02-26,1130.25
2004-02-27,1124.0
2004-03-01,1137.25
2004-03-02,1133.75
2004-03-03,1083.25
2004-03-04,1086.0
2004-03-05,1108.0
2004-03-08,1098.4
2004-03-09,1079.0
2004-03-10,1088.25
2004-03-11,1105.75
2004-03-12,1094.5
2004-03-15,1106.0
2004-03-16,1130.75
2004-03-17,1112.75
2004-03-18,1122.75
2004-03-19,1128.0
2004-03-22,1114.75
2004-03-23,1089.25
2004-03-24,1093.75
2004-03-25,1074.0
2004-03-26,1084.5
2004-03-29,1089.75
2004-03-30,1087.0
2004-03-31,1093.9
2004-04-01,1122.5
2004-04-02,1109.0
2004-04-05,1027.5
2004-04-06,1041.5
2004-04-07,1030.0
2004-04-08,1022.5
2004-04-13,1004.0
2004-04-14,1012.5
2004-04-15,997.25
2004-04-16,1014.5
2004-04-19,1014.25
2004-04-20,1029.5
2004-04-21,1003.5
2004-04-22,1004.75
2004-04-23,1022.25
2004-04-26,1024.0
2004-04-27,1034.5
2004-04-28,1007.75
2004-04-29,1028.5
2004-04-30,1028.0
2004-05-04,1026.25
2004-05-05,1034.75
2004-05-06,1044.0
2004-05-07,1018.5
2004-05-10,997.9
2004-05-11,1007.0
2004-05-12,1015.25
2004-05-13,1000.0
2004-05-14,1002.55
2004-05-17,997.5
2004-05-18,1007.5
2004-05-19,1033.25
2004-05-20,1036.25
2004-05-21,1028.75
2004-05-24,1048.25
2004-05-25,1045.25
2004-05-26,1071.5
2004-05-27,1081.75
2004-05-28,1092.0
2004-06-01,1096.75
2004-06-02,1074.5
2004-06-03,1092.75
2004-06-04,1064.5
2004-06-07,1085.0
2004-06-08,1074.75
2004-06-09,1055.25
2004-06-10,1041.5
2004-06-11,1010.5
2004-06-14,995.5
2004-06-15,1007.25
2004-06-16,996.75
2004-06-17,1008.25
2004-06-18,1011.5
2004-06-21,1004.75
2004-06-22,951.5
2004-06-23,962.75
2004-06-24,984.0
2004-06-25,979.5
2004-06-28,981.5
2004-06-29,962.75
2004-06-30,973.0
2004-07-01,967.25
2004-07-02,973.0
2004-07-05,993.0
2004-07-06,981.35
2004-07-07,996.75
2004-07-08,1000.0
2004-07-09,1001.0
2004-07-12,1004.25
2004-07-13,989.5
2004-07-14,994.25
2004-07-15,994.75
2004-07-16,991.75
2004-07-19,968.5
2004-07-20,975.5
2004-07-21,968.5
2004-07-22,977.5
2004-07-23,967.75
2004-07-26,975.25
2004-07-27,971.5
2004-07-28,993.75
2004-07-29,1022.25
2004-07-30,1030.5
2004-08-02,1026.5
2004-08-03,1032.75
2004-08-04,1018.25
2004-08-05,1005.5
2004-08-06,984.75
2004-08-09,954.25
2004-08-10,966.0
2004-08-11,960.0
2004-08-12,972.25
2004-08-13,989.5
2004-08-16,986.25
2004-08-17,970.0
2004-08-18,964.25
2004-08-19,977.25
2004-08-20,957.0
2004-08-23,951.25
2004-08-24,958.0
2004-08-25,960.0
2004-08-26,964.75
2004-08-27,957.25
2004-08-31,956.5
2004-09-01,956.5
2004-09-02,942.5
2004-09-03,944.75
2004-09-06,944.5
2004-09-07,956.5
2004-09-08,955.25
2004-09-09,958.5
2004-09-10,966.3
2004-09-13,967.25
2004-09-14,976.75
2004-09-15,972.0
2004-09-16,965.75
2004-09-17,950.5
2004-09-20,963.25
2004-09-21,972.25
2004-09-22,999.25
2004-09-23,1003.75
2004-09-24,1000.25
2004-09-27,1014.5
2004-09-28,1002.25
2004-09-29,1055.0
2004-09-30,1092.5
2004-10-01,1090.0
2004-10-04,1110.0
2004-10-05,1104.25
2004-10-06,1135.75
2004-10-07,1143.5
2004-10-08,1155.0
2004-10-11,1170.25
2004-10-12,1138.25
2004-10-13,1056.0
2004-10-14,1021.5
2004-10-15,1047.75
2004-10-18,1021.75
2004-10-19,1029.25
2004-10-20,1022.0
2004-10-21,1033.0
2004-10-22,1020.75
2004-10-25,1001.75
2004-10-26,1025.75
2004-10-27,1022.5
2004-10-28,1007.5
2004-10-29,1049.0
2004-11-01,1022.75
2004-11-02,1023.5
2004-11-03,1027.75
2004-11-04,1064.5
2004-11-05,1081.75
2004-11-08,1062.25
2004-11-09,1060.5
2004-11-10,1064.75
2004-11-11,1072.25
2004-11-12,1100.25
2004-11-15,1103.25
2004-11-16,1103.5
2004-11-17,1126.0
2004-11-18,1152.75
2004-11-19,1137.0
2004-11-22,1127.25
2004-11-23,1135.5
2004-11-24,1147.75
2004-11-25,1135.5
2004-11-26,1133.75
2004-11-29,1163.5
2004-11-30,1158.5
2004-12-01,1167.5
2004-12-02,1153.25
2004-12-03,1164.0
2004-12-06,1157.0
2004-12-07,1156.5
2004-12-08,1127.0
2004-12-09,1127.15
2004-12-10,1115.0
2004-12-13,1146.4
2004-12-14,1138.25
2004-12-15,1172.25
2004-12-16,1193.25
2004-12-17,1209.5
2004-12-20,1221.75
2004-12-21,1215.0
2004-12-22,1202.75
2004-12-23,1194.0
2004-12-24,1223.0
2004-12-29,1234.5
2004-12-30,1253.0
2004-12-31,1253.5
2005-01-04,1174.0
2005-01-05,1209.0
2005-01-06,1215.0
2005-01-07,1235.0
2005-01-10,1222.75
2005-01-11,1226.75
2005-01-12,1222.5
2005-01-13,1228.25
2005-01-14,1227.75
2005-01-17,1234.5
2005-01-18,1241.75
2005-01-19,1272.5
2005-01-20,1258.75
2005-01-21,1279.75
2005-01-24,1278.75
2005-01-25,1262.75
2005-01-26,1276.0
2005-01-27,1268.25
2005-01-28,1284.5
2005-01-31,1292.0
2005-02-01,1287.5
2005-02-02,1276.25
2005-02-03,1292.25
2005-02-04,1273.0
2005-02-07,1286.5
2005-02-08,1279.5
2005-02-09,1276.25
2005-02-10,1319.65
2005-02-11,1308.7
2005-02-14,1315.75
2005-02-15,1315.25
2005-02-16,1319.25
2005-02-17,1346.5
2005-02-18,1357.75
2005-02-21,1351.5
2005-02-22,1375.0
2005-02-23,1380.0
2005-02-24,1361.0
2005-02-25,1365.75
2005-02-28,1374.25
2005-03-01,1371.0
2005-03-02,1364.75
2005-03-03,1384.5
2005-03-04,1376.75
2005-03-07,1395.0
2005-03-08,1402.25
2005-03-09,1421.75
2005-03-10,1413.0
2005-03-11,1419.75
2005-03-14,1406.5
2005-03-15,1418.75
2005-03-16,1417.25
2005-03-17,1349.0
2005-03-18,1368.75
2005-03-21,1358.5
2005-03-22,1364.0
2005-03-23,1305.25
2005-03-24,1314.0
2005-03-29,1310.75
2005-03-30,1338.25
2005-03-31,1352.75
2005-04-01,1324.5
2005-04-04,1323.5
2005-04-05,1332.5
2005-04-06,1343.0
2005-04-07,1350.5
2005-04-08,1343.75
2005-04-11,1357.25
2005-04-12,1337.75
2005-04-13,1282.5
2005-04-14,1234.75
2005-04-15,1262.75
2005-04-18,1249.25
2005-04-19,1282.5
2005-04-20,1304.75
2005-04-21,1279.5
2005-04-22,1289.75
2005-04-25,1281.0
2005-04-26,1268.75
2005-04-27,1261.0
2005-04-28,1258.25
2005-04-29,1286.0
2005-05-03,1261.75
2005-05-04,1231.25
2005-05-05,1242.75
2005-05-06,1242.5
2005-05-09,1251.75
2005-05-10,1262.0
2005-05-11,1253.25
2005-05-12,1221.15
2005-05-13,1214.0
2005-05-16,1213.75
2005-05-17,1230.5
2005-05-18,1239.75
2005-05-19,1224.25
2005-05-20,1228.5
2005-05-23,1241.75
2005-05-24,1252.0
2005-05-25,1267.25
2005-05-26,1278.5
2005-05-27,1274.0
2005-05-31,1279.5
2005-06-01,1288.5
2005-06-02,1320.0
2005-06-03,1320.25
2005-06-06,1297.0
2005-06-07,1285.0
2005-06-08,1284.5
2005-06-09,1281.75
2005-06-10,1281.15
2005-06-13,1270.0
2005-06-14,1246.5
2005-06-15,1273.0
2005-06-16,1290.25
2005-06-17,1298.75
2005-06-20,1294.5
2005-06-21,1272.0
2005-06-22,1274.0
2005-06-23,1259.75
2005-06-24,1256.25
2005-06-27,1252.0
2005-06-28,1220.75
2005-06-29,1230.75
2005-06-30,1211.5
2005-07-01,1180.0
2005-07-04,1171.75
2005-07-05,1172.0
2005-07-06,1201.5
2005-07-07,1190.25
2005-07-08,1209.0
2005-07-11,1216.0
2005-07-12,1191.75
2005-07-13,1185.5
2005-07-14,1201.55
2005-07-15,1182.45
2005-07-18,1156.25
2005-07-19,1188.0
2005-07-20,1216.25
2005-07-21,1190.25
2005-07-22,1206.25
2005-07-25,1190.5
2005-07-26,1192.25
2005-07-27,1213.5
2005-07-28,1234.75
2005-07-29,1243.75
2005-08-01,1260.75
2005-08-02,1264.5
2005-08-03,1274.0
2005-08-04,1275.0
2005-08-05,1266.75
2005-08-08,1266.25
2005-08-09,1245.25
2005-08-10,1258.0
2005-08-11,1278.25
2005-08-12,1288.15
2005-08-15,1296.75
2005-08-16,1318.5
2005-08-17,1314.0
2005-08-18,1319.0
2005-08-19,1330.5
2005-08-22,1352.5
2005-08-23,1333.75
2005-08-24,1329.5
2005-08-25,1318.75
2005-08-26,1336.75
2005-08-30,1340.25
2005-08-31,1348.75
2005-09-01,1402.0
2005-09-02,1398.5
2005-09-05,1380.0
2005-09-06,1381.5
2005-09-07,1369.5
2005-09-08,1367.0
2005-09-09,1377.25
2005-09-12,1416.0
2005-09-13,1395.5
2005-09-14,1381.75
2005-09-15,1355.0
2005-09-16,1341.25
2005-09-19,1394.5
2005-09-20,1405.75
2005-09-21,1429.5
2005-09-22,1415.25
2005-09-23,1406.25
2005-09-26,1444.5
2005-09-27,1437.5
2005-09-28,1403.5
2005-09-29,1410.5
2005-09-30,1413.75
2005-10-03,1405.0
2005-10-04,1417.5
2005-10-05,1451.75
2005-10-06,1449.5
2005-10-07,1470.0
2005-10-10,1466.75
2005-10-11,1484.75
2005-10-12,1466.25
2005-10-13,1459.75
2005-10-14,1456.25
2005-10-17,1507.0
2005-10-18,1511.5
2005-10-19,1507.0
2005-10-20,1518.0
2005-10-21,1452.0
2005-10-24,1475.5
2005-10-25,1512.75
2005-10-26,1509.5
2005-10-27,1541.0
2005-10-28,1548.5
2005-10-31,1537.0
2005-11-01,1520.5
2005-11-02,1540.0
2005-11-03,1545.75
2005-11-04,1561.25
2005-11-07,1569.25
2005-11-08,1576.25
2005-11-09,1580.0
2005-11-10,1592.0
2005-11-11,1609.0
2005-11-14,1605.5
2005-11-15,1614.0
2005-11-16,1602.5
2005-11-17,1619.0
2005-11-18,1638.25
2005-11-21,1641.0
2005-11-22,1625.5
2005-11-23,1613.5
2005-11-24,1642.0
2005-11-25,1661.0
2005-11-28,1680.75
2005-11-29,1691.0
2005-11-30,1706.0
2005-12-01,1755.25
2005-12-02,1763.0
2005-12-05,1785.25
2005-12-06,1784.0
2005-12-07,1810.75
2005-12-08,1814.75
2005-12-09,1824.0
2005-12-12,1778.25
2005-12-13,1821.5
2005-12-14,1798.25
2005-12-15,1770.0
2005-12-16,1819.5
2005-12-19,1806.0
2005-12-20,1806.75
2005-12-21,1834.25
2005-12-22,1885.25
2005-12-23,1870.75
2005-12-28,1877.75
2005-12-29,1880.75
2005-12-30,1900.5
2006-01-03,1913.5
2006-01-04,1937.5
2006-01-05,1954.25
2006-01-06,1953.0
2006-01-09,1952.25
2006-01-10,1957.5
2006-01-11,1987.75
2006-01-12,2014.25
2006-01-13,2047.25
2006-01-16,2066.0
2006-01-17,2071.5
2006-01-18,2099.75
2006-01-19,2123.5
2006-01-20,2123.5
2006-01-23,2170.5
2006-01-24,2213.0
2006-01-25,2284.75
2006-01-26,2249.5
2006-01-27,2234.5
2006-01-30,2284.0
2006-01-31,2289.0
2006-02-01,2334.0
2006-02-02,2364.0
2006-02-03,2390.75
2006-02-06,2378.25
2006-02-07,2322.5
2006-02-08,2284.0
2006-02-09,2316.25
2006-02-10,2176.75
2006-02-13,2094.0
2006-02-14,2161.25
2006-02-15,2040.0
2006-02-16,2019.75
2006-02-17,2020.0
2006-02-20,2103.75
2006-02-21,2210.75
2006-02-22,2202.5
2006-02-23,2165.5
2006-02-24,2244.0
2006-02-27,2227.0
2006-02-28,2339.5
2006-03-01,2334.0
2006-03-02,2375.0
2006-03-03,2337.5
2006-03-06,2305.75
2006-03-07,2226.75
2006-03-08,2202.5
2006-03-09,2210.75
2006-03-10,2270.6
2006-03-13,2259.0
2006-03-14,2277.5
2006-03-15,2324.0
2006-03-16,2375.75
2006-03-17,2483.0
2006-03-20,2475.0
2006-03-21,2508.5
2006-03-22,2514.0
2006-03-23,2566.75
2006-03-24,2589.0
2006-03-27,2631.5
2006-03-28,2627.5
2006-03-29,2612.5
2006-03-30,2678.5
2006-03-31,2650.5
2006-04-03,2742.5
2006-04-04,2687.5
2006-04-05,2793.0
2006-04-06,2821.0
2006-04-07,2841.1
2006-04-10,2948.0
2006-04-11,2987.5
2006-04-12,3051.0
2006-04-13,3053.0
2006-04-18,3165.0
2006-04-19,3190.0
2006-04-20,3095.0
2006-04-21,3343.0
2006-04-24,3297.0
2006-04-25,3411.5
2006-04-26,3385.0
2006-04-27,3217.0
2006-04-28,3202.0
2006-05-02,3276.5
2006-05-03,3243.5
2006-05-04,3466.5
2006-05-05,3476.0
2006-05-08,3421.0
2006-05-09,3505.0
2006-05-10,3724.0
2006-05-11,3907.0
2006-05-12,3728.0
2006-05-15,3457.0
2006-05-16,3522.0
2006-05-17,3490.0
2006-05-18,3450.0
2006-05-19,3280.0
2006-05-22,3382.0
2006-05-23,3600.0
2006-05-24,3518.0
2006-05-25,3600.0
2006-05-26,3847.0
2006-05-30,3817.0
2006-05-31,3727.0
2006-06-01,3564.0
2006-06-02,3649.0
2006-06-05,3649.0
2006-06-06,3511.0
2006-06-07,3644.0
2006-06-08,3327.0
2006-06-09,3345.0
2006-06-12,3258.0
2006-06-13,2982.0
2006-06-14,3002.0
2006-06-15,3133.0
2006-06-16,3136.0
2006-06-19,3044.0
2006-06-20,2959.0
2006-06-21,2965.0
2006-06-22,2978.0
2006-06-23,2895.0
2006-06-26,3026.0
2006-06-27,2951.0
2006-06-28,2970.0
2006-06-29,3120.0
2006-06-30,3239.0
2006-07-03,3220.0
2006-07-04,3323.5
2006-07-05,3279.0
2006-07-06,3404.5
2006-07-07,3465.75
2006-07-10,3512.5
2006-07-11,3528.5
2006-07-12,3524.5
2006-07-13,3442.5
2006-07-14,3468.25
2006-07-17,3288.0
2006-07-18,3246.0
2006-07-19,3335.0
2006-07-20,3164.5
2006-07-21,3061.5
2006-07-24,3116.5
2006-07-25,3225.0
2006-07-26,3192.0
2006-07-27,3227.0
2006-07-28,3297.0
2006-07-31,3414.0
2006-08-01,3398.5
2006-08-02,3418.0
2006-08-03,3311.0
2006-08-04,3401.0
2006-08-07,3397.0
2006-08-08,3388.5
2006-08-09,3481.5
2006-08-10,3360.5
2006-08-11,3235.25
2006-08-14,3211.5
2006-08-15,3287.5
2006-08-16,3378.5
2006-08-17,3174.5
2006-08-18,3259.0
2006-08-21,3369.5
2006-08-22,3351.0
2006-08-23,3340.0
2006-08-24,3326.5
2006-08-25,3354.0
2006-08-29,3284.5
2006-08-30,3322.5
2006-08-31,3429.0
2006-09-01,3421.0
2006-09-04,3471.5
2006-09-05,3624.0
2006-09-06,3728.0
2006-09-07,3657.0
2006-09-08,3495.0
2006-09-11,3248.0
2006-09-12,3275.0
2006-09-13,3295.5
2006-09-14,3269.5
2006-09-15,3154.25
2006-09-18,3311.0
2006-09-19,3304.0
2006-09-20,3326.0
2006-09-21,3432.5
2006-09-22,3403.0
2006-09-25,3384.0
2006-09-26,3402.0
2006-09-27,3394.0
2006-09-28,3355.0
2006-09-29,3325.0
2006-10-02,3350.5
2006-10-03,3385.0
2006-10-04,3292.5
2006-10-05,3430.5
2006-10-06,3583.5
2006-10-09,3649.25
2006-10-10,3690.5
2006-10-11,3802.0
2006-10-12,3778.5
2006-10-13,3812.5
2006-10-16,3992.0
2006-10-17,3895.0
2006-10-18,3909.0
2006-10-19,3976.0
2006-10-20,4005.0
2006-10-23,3957.0
2006-10-24,3926.0
2006-10-25,4070.5
2006-10-26,4120.0
2006-10-27,4185.0
2006-10-30,4193.0
2006-10-31,4248.0
2006-11-01,4252.0
2006-11-02,4320.0
2006-11-03,4344.0
2006-11-06,4486.5
2006-11-07,4556.5
2006-11-08,4470.0
2006-11-09,4570.0
2006-11-10,4353.5
2006-11-13,4289.0
2006-11-14,4182.0
2006-11-15,4223.0
2006-11-16,4260.0
2006-11-17,4058.0
2006-11-20,4203.0
2006-11-21,4332.0
2006-11-22,4442.0
2006-11-23,4534.0
2006-11-24,4603.0
2006-11-27,4556.0
2006-11-28,4449.0
2006-11-29,4404.0
2006-11-30,4442.0
2006-12-01,4487.0
2006-12-04,4527.0
2006-12-05,4587.0
2006-12-06,4510.0
2006-12-07,4346.0
2006-12-08,4422.0
2006-12-11,4417.0
2006-12-12,4452.0
2006-12-13,4347.0
2006-12-14,4434.0
2006-12-15,4399.5
2006-12-18,4427.0
2006-12-19,4382.0
2006-12-20,4285.0
2006-12-21,4172.0
2006-12-22,4185.0
2006-12-27,4263.0
2006-12-28,4315.0
2006-12-29,4290.0
2007-01-02,4189.0
2007-01-03,4202.0
2007-01-04,4149.0
2007-01-05,3971.0
2007-01-08,3775.0
2007-01-09,3577.0
2007-01-10,3818.5
2007-01-11,3960.25
2007-01-12,3846.25
2007-01-15,3849.0
2007-01-16,3781.0
2007-01-17,3674.0
2007-01-18,3661.0
2007-01-19,3702.0
2007-01-22,3733.0
2007-01-23,3747.0
2007-01-24,3737.0
2007-01-25,3747.0
2007-01-26,3676.0
2007-01-29,3542.0
2007-01-30,3422.0
2007-01-31,3508.0
2007-02-01,3408.0
2007-02-02,3090.0
2007-02-05,3112.0
2007-02-06,3236.0
2007-02-07,3174.0
2007-02-08,3124.0
2007-02-09,3115.0
2007-02-12,3092.5
2007-02-13,3211.5
2007-02-14,3301.5
2007-02-15,3416.0
2007-02-16,3362.0
2007-02-19,3375.0
2007-02-20,3305.0
2007-02-21,3344.0
2007-02-22,3479.0
2007-02-23,3609.0
2007-02-26,3605.0
2007-02-27,3582.0
2007-02-28,3486.0
2007-03-01,3479.0
2007-03-02,3320.0
2007-03-05,3247.5
2007-03-06,3302.0
2007-03-07,3352.0
2007-03-08,3362.0
2007-03-09,3252.0
2007-03-12,3287.0
2007-03-13,3218.0
2007-03-14,3226.0
2007-03-15,3324.0
2007-03-16,3259.5
2007-03-19,3206.0
2007-03-20,3218.0
2007-03-21,3114.0
2007-03-22,3195.0
2007-03-23,3146.5
2007-03-26,3242.0
2007-03-27,3186.0
2007-03-28,3196.5
2007-03-29,3248.0
2007-03-30,3255.0
2007-04-02,3142.0
2007-04-03,3254.0
2007-04-04,3501.5
2007-04-05,3436.0
2007-04-10,3542.25
2007-04-11,3509.0
2007-04-12,3498.5
2007-04-13,3467.5
2007-04-16,3483.5
2007-04-17,3711.0
2007-04-18,3667.5
2007-04-19,3588.5
2007-04-20,3672.5
2007-04-23,3726.0
2007-04-24,3725.0
2007-04-25,3740.0
2007-04-26,3692.5
2007-04-27,3663.0
2007-04-30,3750.0
2007-05-01,3860.0
2007-05-02,3870.0
2007-05-03,4050.0
2007-05-04,4188.0
2007-05-08,4127.0
2007-05-09,4110.0
2007-05-10,4035.0
2007-05-11,4071.5
2007-05-14,3965.0
2007-05-15,3929.5
2007-05-16,3855.0
2007-05-17,3672.0
2007-05-18,3724.0
2007-05-21,3798.0
2007-05-22,3721.0
2007-05-23,3659.0
2007-05-24,3569.0
2007-05-25,3645.0
2007-05-29,3655.0
2007-05-30,3597.0
2007-05-31,3697.0
2007-06-01,3777.25
2007-06-04,3877.5
2007-06-05,3799.0
2007-06-06,3695.0
2007-06-07,3659.5
2007-06-08,3673.0
2007-06-11,3772.0
2007-06-12,3741.0
2007-06-13,3697.0
2007-06-14,3747.0
2007-06-15,3769.5
2007-06-18,3698.0
2007-06-19,3614.5
2007-06-20,3612.0
2007-06-21,3515.0
2007-06-22,3550.0
2007-06-25,3533.5
2007-06-26,3402.0
2007-06-27,3346.5
2007-06-28,3384.0
2007-06-29,3338.5
2007-07-02,3454.0
2007-07-03,3434.0
2007-07-04,3479.0
2007-07-05,3430.0
2007-07-06,3449.5
2007-07-09,3442.0
2007-07-10,3406.5
2007-07-11,3510.0
2007-07-12,3569.0
2007-07-13,3622.0
2007-07-16,3535.0
2007-07-17,3547.0
2007-07-18,3526.0
2007-07-19,3588.0
2007-07-20,3731.0
2007-07-23,3726.0
2007-07-24,3772.0
2007-07-25,3673.5
2007-07-26,3531.0
2007-07-27,3502.0
2007-07-30,3504.0
2007-07-31,3587.0
2007-08-01,3558.5
2007-08-02,3518.75
2007-08-03,3407.0
2007-08-06,3390.5
2007-08-07,3425.0
2007-08-08,3500.0
2007-08-09,3453.0
2007-08-10,3384.0
2007-08-13,3397.0
2007-08-14,3309.5
2007-08-15,3232.0
2007-08-16,2988.0
2007-08-17,3071.0
2007-08-20,3068.5
2007-08-21,2989.0
2007-08-22,3099.0
2007-08-23,3147.0
2007-08-24,3127.0
2007-08-28,3074.0
2007-08-29,3075.0
2007-08-30,3043.0
2007-08-31,3115.0
2007-09-03,3040.0
2007-09-04,2943.0
2007-09-05,2812.5
2007-09-06,2818.5
2007-09-07,2770.0
2007-09-10,2691.5
2007-09-11,2753.0
2007-09-12,2763.5
2007-09-13,2886.5
2007-09-14,2866.75
2007-09-17,2782.0
2007-09-18,2840.0
2007-09-19,2986.0
2007-09-20,2897.5
2007-09-21,2876.75
2007-09-24,2928.0
2007-09-25,2933.5
2007-09-26,3006.0
2007-09-27,3094.0
2007-09-28,3063.0
2007-10-01,3107.0
2007-10-02,3071.25
2007-10-03,3117.0
2007-10-04,3033.0
2007-10-05,3067.0
2007-10-08,2956.0
2007-10-09,3003.0
2007-10-10,3070.0
2007-10-11,3074.0
2007-10-12,3131.25
2007-10-15,3141.0
2007-10-16,3039.0
2007-10-17,2966.5
2007-10-18,2963.5
2007-10-19,2953.0
2007-10-22,2867.5
2007-10-23,2899.75
2007-10-24,2820.0
2007-10-25,2854.0
2007-10-26,2888.0
2007-10-29,2886.5
2007-10-30,2825.0
2007-10-31,2806.5
2007-11-01,2730.0
2007-11-02,2776.5
2007-11-05,2729.0
2007-11-06,2823.0
2007-11-07,2765.5
2007-11-08,2791.0
2007-11-09,2742.0
2007-11-12,2636.0
2007-11-13,2649.0
2007-11-14,2678.0
2007-11-15,2592.5
2007-11-16,2525.25
2007-11-19,2349.0
2007-11-20,2359.0
2007-11-21,2220.5
2007-11-22,2226.0
2007-11-23,2282.0
2007-11-26,2391.0
2007-11-27,2375.0
2007-11-28,2479.0
2007-11-29,2496.0
2007-11-30,2586.0
2007-12-03,2471.5
2007-12-04,2414.0
2007-12-05,2392.0
2007-12-06,2381.25
2007-12-07,2416.5
2007-12-10,2369.0
2007-12-11,2425.5
2007-12-12,2456.5
2007-12-13,2372.0
2007-12-14,2320.5
2007-12-17,2291.5
2007-12-18,2305.0
2007-12-19,2291.0
2007-12-20,2301.25
2007-12-21,2399.5
2007-12-27,2443.25
2007-12-28,2411.0
2007-12-31,2353.5
2008-01-02,2436.0
2008-01-03,2564.5
2008-01-04,2494.25
2008-01-07,2484.0
2008-01-08,2575.0
2008-01-09,2488.5
2008-01-10,2430.5
2008-01-11,2382.0
2008-01-14,2381.0
2008-01-15,2282.75
2008-01-16,2260.75
2008-01-17,2268.5
2008-01-18,2342.0
2008-01-21,2207.0
2008-01-22,2287.5
2008-01-23,2187.5
2008-01-24,2237.0
2008-01-25,2260.0
2008-01-28,2268.75
2008-01-29,2359.0
2008-01-30,2326.0
2008-01-31,2494.5
2008-02-01,2461.0
2008-02-04,2452.5
2008-02-05,2355.0
2008-02-06,2373.5
2008-02-07,2339.0
2008-02-08,2444.0
2008-02-11,2445.5
2008-02-12,2471.0
2008-02-13,2396.5
2008-02-14,2332.0
2008-02-15,2295.25
2008-02-18,2345.0
2008-02-19,2431.0
2008-02-20,2392.0
2008-02-21,2517.5
2008-02-22,2478.5
2008-02-25,2474.75
2008-02-26,2470.5
2008-02-27,2661.5
2008-02-28,2771.0
2008-02-29,2721.0
2008-03-03,2810.75
2008-03-04,2762.5
2008-03-05,2799.0
2008-03-06,2681.5
2008-03-07,2632.0
2008-03-10,2539.5
2008-03-11,2530.25
2008-03-12,2612.5
2008-03-13,2612.5
2008-03-14,2581.0
2008-03-17,2455.5
2008-03-18,2492.5
2008-03-19,2379.5
2008-03-20,2237.0
2008-03-25,2295.5
2008-03-26,2298.5
2008-03-27,2377.25
2008-03-28,2322.5
2008-03-31,2292.75
2008-04-01,2297.0
2008-04-02,2338.0
2008-04-03,2300.75
2008-04-04,2342.0
2008-04-07,2388.0
2008-04-08,2323.5
2008-04-09,2343.25
2008-04-10,2314.0
2008-04-11,2283.0
2008-04-14,2271.0
2008-04-15,2265.25
2008-04-16,2313.75
2008-04-17,2279.25
2008-04-18,2247.0
2008-04-21,2184.0
2008-04-22,2235.75
2008-04-23,2207.5
2008-04-24,2209.0
2008-04-25,2289.5
2008-04-28,2275.25
2008-04-29,2215.0
2008-04-30,2205.5
2008-05-01,2163.5
2008-05-02,2193.5
2008-05-06,2252.0
2008-05-07,2225.5
2008-05-08,2190.0
2008-05-09,2127.25
2008-05-12,2150.5
2008-05-13,2295.5
2008-05-14,2259.0
2008-05-15,2292.25
2008-05-16,2342.25
2008-05-19,2267.0
2008-05-20,2251.5
2008-05-21,2180.5
2008-05-22,2086.0
2008-05-23,2126.75
2008-05-27,2127.25
2008-05-28,2096.0
2008-05-29,1960.25
2008-05-30,1980.0
2008-06-02,1943.5
2008-06-03,1911.75
2008-06-04,1959.5
2008-06-05,1929.0
2008-06-06,1942.75
2008-06-09,1956.0
2008-06-10,1906.5
2008-06-11,1892.75
2008-06-12,1842.8
2008-06-13,1873.1
2008-06-16,1851.5
2008-06-17,1842.5
2008-06-18,1963.5
2008-06-19,1907.5
2008-06-20,1926.25
2008-06-23,1898.75
2008-06-24,1870.5
2008-06-25,1842.5
2008-06-26,1963.25
2008-06-27,1902.5
2008-06-30,1903.25
2008-07-01,1900.0
2008-07-02,1838.5
2008-07-03,1757.5
2008-07-04,1752.0
2008-07-07,1817.5
2008-07-08,1749.5
2008-07-09,1856.5
2008-07-10,1981.5
2008-07-11,2015.5
2008-07-14,1989.25
2008-07-15,1822.5
2008-07-16,1775.75
2008-07-17,1821.5
2008-07-18,1802.0
2008-07-21,1845.0
2008-07-22,1832.25
2008-07-23,1914.75
2008-07-24,1848.5
2008-07-25,1833.0
2008-07-28,1915.0
2008-07-29,1869.75
2008-07-30,1863.25
2008-07-31,1897.25
2008-08-01,1833.5
2008-08-04,1756.0
2008-08-05,1733.25
2008-08-06,1752.0
2008-08-07,1732.5
2008-08-08,1672.75
2008-08-11,1680.0
2008-08-12,1606.75
2008-08-13,1649.5
2008-08-14,1649.0
2008-08-15,1671.5
2008-08-18,1652.0
2008-08-19,1732.5
2008-08-20,1732.0
2008-08-21,1863.75
2008-08-22,1811.25
2008-08-26,1768.0
2008-08-27,1827.5
2008-08-28,1776.75
2008-08-29,1792.5
2008-09-01,1762.5
2008-09-02,1761.0
2008-09-03,1767.0
2008-09-04,1791.0
2008-09-05,1728.0
2008-09-08,1746.25
2008-09-09,1696.5
2008-09-10,1729.75
2008-09-11,1775.0
2008-09-12,1866.75
2008-09-15,1743.5
2008-09-16,1727.25
2008-09-17,1696.0
2008-09-18,1687.5
2008-09-19,1751.5
2008-09-22,1812.25
2008-09-23,1741.5
2008-09-24,1761.75
2008-09-25,1773.75
2008-09-26,1742.75
2008-09-29,1664.5
2008-09-30,1653.5
2008-10-01,1648.0
2008-10-02,1562.0
2008-10-03,1581.0
2008-10-06,1530.75
2008-10-07,1528.0
2008-10-08,1404.0
2008-10-09,1470.35
2008-10-10,1418.0
2008-10-13,1440.5
2008-10-14,1370.5
2008-10-15,1273.25
2008-10-16,1135.25
2008-10-17,1184.5
2008-10-20,1156.25
2008-10-21,1126.0
2008-10-22,1106.0
2008-10-23,1168.0
2008-10-24,1135.0
2008-10-27,1152.25
2008-10-28,1120.25
2008-10-29,1233.25
2008-10-30,1130.5
2008-10-31,1095.5
2008-11-03,1139.5
2008-11-04,1208.75
2008-11-05,1148.0
2008-11-06,1066.75
2008-11-07,1064.0
2008-11-10,1076.75
2008-11-11,1088.0
2008-11-12,1136.5
2008-11-13,1198.5
2008-11-14,1189.0
2008-11-17,1156.0
2008-11-18,1218.5
2008-11-19,1172.5
2008-11-20,1179.75
2008-11-21,1182.5
2008-11-24,1215.0
2008-11-25,1246.0
2008-11-26,1262.0
2008-11-27,1228.5
2008-11-28,1210.75
2008-12-01,1162.0
2008-12-02,1169.0
2008-12-03,1150.5
2008-12-04,1147.0
2008-12-05,1062.25
2008-12-08,1089.0
2008-12-09,1101.0
2008-12-10,1087.75
2008-12-11,1089.75
2008-12-12,1046.75
2008-12-15,1060.5
2008-12-16,1067.25
2008-12-17,1080.0
2008-12-18,1084.5
2008-12-19,1138.5
2008-12-22,1157.5
2008-12-23,1135.75
2008-12-24,1126.5
2008-12-29,1109.5
2008-12-30,1125.75
2008-12-31,1180.25
2009-01-02,1251.75
2009-01-05,1272.75
2009-01-06,1292.25
2009-01-07,1265.0
2009-01-08,1210.75
2009-01-09,1270.75
2009-01-12,1225.25
2009-01-13,1283.25
2009-01-14,1237.0
2009-01-15,1239.25
2009-01-16,1227.0
2009-01-19,1247.0
2009-01-20,1230.5
2009-01-21,1131.5
2009-01-22,1102.5
2009-01-23,1149.5
2009-01-26,1188.0
2009-01-27,1130.0
2009-01-28,1125.75
2009-01-29,1098.25
2009-01-30,1075.0
2009-02-02,1092.5
2009-02-03,1153.5
2009-02-04,1158.0
2009-02-05,1120.25
2009-02-06,1161.25
2009-02-09,1170.25
2009-02-10,1140.0
2009-02-11,1146.75
2009-02-12,1131.15
2009-02-13,1128.15
2009-02-16,1103.75
2009-02-17,1082.75
2009-02-18,1092.0
2009-02-19,1104.5
2009-02-20,1077.5
2009-02-23,1072.5
2009-02-24,1087.0
2009-02-25,1121.5
2009-02-26,1113.75
2009-02-27,1103.0
2009-03-02,1074.5
2009-03-03,1109.0
2009-03-04,1201.0
2009-03-05,1219.25
2009-03-06,1205.0
2009-03-09,1198.25
2009-03-10,1238.5
2009-03-11,1213.25
2009-03-12,1201.2
2009-03-13,1197.85
2009-03-16,1222.75
2009-03-17,1207.75
2009-03-18,1161.75
2009-03-19,1236.25
2009-03-20,1232.0
2009-03-23,1265.75
2009-03-24,1245.75
2009-03-25,1268.5
2009-03-26,1318.0
2009-03-27,1318.75
2009-03-30,1284.5
2009-03-31,1291.25
2009-04-01,1284.25
2009-04-02,1304.5
2009-04-03,1342.25
2009-04-06,1330.0
2009-04-07,1324.5
2009-04-08,1346.75
2009-04-09,1366.25
2009-04-14,1406.5
2009-04-15,1487.0
2009-04-16,1466.0
2009-04-17,1530.0
2009-04-20,1457.0
2009-04-21,1446.5
2009-04-22,1443.25
2009-04-23,1391.0
2009-04-24,1394.25
2009-04-27,1343.5
2009-04-28,1311.75
2009-04-29,1386.5
2009-04-30,1401.0
2009-05-01,1492.0
2009-05-05,1503.75
2009-05-06,1573.5
2009-05-07,1558.5
2009-05-08,1529.25
2009-05-11,1515.75
2009-05-12,1517.4
2009-05-13,1447.25
2009-05-14,1471.55
2009-05-15,1467.15
2009-05-18,1490.5
2009-05-19,1494.0
2009-05-20,1489.5
2009-05-21,1416.5
2009-05-22,1492.5
2009-05-26,1473.75
2009-05-27,1433.75
2009-05-28,1449.5
2009-05-29,1541.75
2009-06-01,1584.25
2009-06-02,1555.0
2009-06-03,1510.5
2009-06-04,1550.5
2009-06-05,1540.0
2009-06-08,1517.5
2009-06-09,1577.75
2009-06-10,1597.25
2009-06-11,1691.0
2009-06-12,1661.25
2009-06-15,1544.5
2009-06-16,1538.5
2009-06-17,1522.5
2009-06-18,1535.5
2009-06-19,1548.0
2009-06-22,1472.75
2009-06-23,1489.5
2009-06-24,1582.5
2009-06-25,1617.75
2009-06-26,1556.5
2009-06-29,1533.5
2009-06-30,1522.5
2009-07-01,1568.0
2009-07-02,1544.75
2009-07-03,1524.0
2009-07-06,1537.0
2009-07-07,1542.5
2009-07-08,1482.0
2009-07-09,1503.25
2009-07-10,1469.25
2009-07-13,1415.75
2009-07-14,1473.0
2009-07-15,1517.5
2009-07-16,1526.0
2009-07-17,1597.25
2009-07-20,1643.0
2009-07-21,1631.25
2009-07-22,1662.25
2009-07-23,1676.0
2009-07-24,1668.5
2009-07-27,1684.5
2009-07-28,1664.5
2009-07-29,1617.75
2009-07-30,1685.75
2009-07-31,1726.0
2009-08-03,1820.5
2009-08-04,1828.25
2009-08-05,1899.5
2009-08-06,1823.5
2009-08-07,1872.25
2009-08-10,1822.0
2009-08-11,1786.75
2009-08-12,1823.0
2009-08-13,1883.25
2009-08-14,1798.75
2009-08-17,1743.5
2009-08-18,1768.0
2009-08-19,1781.5
2009-08-20,1776.75
2009-08-21,1806.5
2009-08-24,1828.75
2009-08-25,1821.5
2009-08-26,1817.0
2009-08-27,1803.5
2009-08-28,1855.5
2009-09-01,1828.0
2009-09-02,1802.75
2009-09-03,1869.5
2009-09-04,1902.75
2009-09-07,1883.0
2009-09-08,1957.75
2009-09-09,1956.5
2009-09-10,1896.0
2009-09-11,1840.75
2009-09-14,1806.75
2009-09-15,1834.0
2009-09-16,1912.25
2009-09-17,1935.0
2009-09-18,1886.5
2009-09-21,1893.5
2009-09-22,1919.75
2009-09-23,1876.5
2009-09-24,1837.5
2009-09-25,1853.0
2009-09-28,1850.5
2009-09-29,1855.75
2009-09-30,1943.25
2009-10-01,1886.0
2009-10-02,1853.25
2009-10-05,1844.5
2009-10-06,1896.0
2009-10-07,1909.75
2009-10-08,2059.5
2009-10-09,2012.5
2009-10-12,2067.25
2009-10-13,1998.0
2009-10-14,2007.0
2009-10-15,2008.05
2009-10-16,2026.15
2009-10-19,2085.5
2009-10-20,2103.5
2009-10-21,2209.5
2009-10-22,2225.75
2009-10-23,2247.5
2009-10-26,2289.75
2009-10-27,2287.5
2009-10-28,2164.25
2009-10-29,2243.75
2009-10-30,2133.63
2009-11-02,2169.0
2009-11-03,2153.75
2009-11-04,2203.0
2009-11-05,2193.0
2009-11-06,2147.75
2009-11-09,2133.75
2009-11-10,2136.5
2009-11-11,2157.75
2009-11-12,2123.5
2009-11-13,2147.5
2009-11-16,2252.75
2009-11-17,2236.0
2009-11-18,2220.5
2009-11-19,2185.75
2009-11-20,2225.75
2009-11-23,2240.75
2009-11-24,2205.0
2009-11-25,2276.5
2009-11-26,2226.25
2009-11-27,2200.25
2009-11-30,2292.5
2009-12-01,2342.25
2009-12-02,2398.5
2009-12-03,2378.75
2009-12-04,2337.25
2009-12-07,2272.5
2009-12-08,2293.5
2009-12-09,2278.25
2009-12-10,2236.5
2009-12-11,2263.75
2009-12-14,2298.25
2009-12-15,2298.75
2009-12-16,2397.4
2009-12-17,2359.9
2009-12-18,2378.0
2009-12-21,2398.75
2009-12-22,2395.5
2009-12-23,2502.5
2009-12-24,2459.75
2009-12-29,2511.5
2009-12-30,2524.25
2009-12-31,2529.0
2010-01-04,2542.0
2010-01-05,2542.25
2010-01-06,2686.25
2010-01-07,2575.25
2010-01-08,2489.75
2010-01-11,2540.75
2010-01-12,2444.0
2010-01-13,2458.25
2010-01-14,2474.5
2010-01-15,2441.75
2010-01-18,2454.25
2010-01-19,2482.25
2010-01-20,2421.5
2010-01-21,2377.0
2010-01-22,2329.75
2010-01-25,2293.0
2010-01-26,2296.25
2010-01-27,2211.5
2010-01-28,2138.0
2010-01-29,2095.0
2010-02-01,2134.5
2010-02-02,2146.75
2010-02-03,2081.0
2010-02-04,2009.5
2010-02-05,1924.25
2010-02-08,2007.75
2010-02-09,2089.75
2010-02-10,2101.75
2010-02-11,2184.5
2010-02-12,2168.5
2010-02-15,2190.5
2010-02-16,2324.5
2010-02-17,2276.75
2010-02-18,2286.75
2010-02-19,2341.75
2010-02-22,2269.5
2010-02-23,2196.0
2010-02-24,2179.5
2010-02-25,2090.5
2010-02-26,2172.0
2010-03-01,2194.75
2010-03-02,2230.0
2010-03-03,2294.75
2010-03-04,2233.25
2010-03-05,2323.0
2010-03-08,2342.25
2010-03-09,2346.25
2010-03-10,2347.75
2010-03-11,2312.2
2010-03-12,2307.35
2010-03-15,2250.5
2010-03-16,2277.25
2010-03-17,2317.5
2010-03-18,2303.25
2010-03-19,2264.25
2010-03-22,2244.75
2010-03-23,2207.75
2010-03-24,2178.25
2010-03-25,2213.5
2010-03-26,2197.25
2010-03-29,2299.5
2010-03-30,2347.0
2010-03-31,2344.75
2010-04-01,2372.75
2010-04-06,2415.25
2010-04-07,2366.5
2010-04-08,2346.25
2010-04-09,2380.5
2010-04-12,2389.0
2010-04-13,2354.25
2010-04-14,2427.25
2010-04-15,2476.75
2010-04-16,2390.25
2010-04-19,2354.75
2010-04-20,2414.5
2010-04-21,2389.25
2010-04-22,2383.25
2010-04-23,2371.0
2010-04-26,2407.0
2010-04-27,2327.0
2010-04-28,2296.0
2010-04-29,2235.25
2010-04-30,2253.25
2010-05-04,2113.25
2010-05-05,2091.75
2010-05-06,2081.25
2010-05-07,2062.0
2010-05-10,2107.0
2010-05-11,2038.0
2010-05-12,2068.75
2010-05-13,2129.25
2010-05-14,2024.75
2010-05-17,1868.5
2010-05-18,1908.0
2010-05-19,1826.5
2010-05-20,1844.25
2010-05-21,1864.75
2010-05-24,1901.25
2010-05-25,1825.0
2010-05-26,1858.5
2010-05-27,1908.75
2010-05-28,1904.5
2010-06-01,1819.75
2010-06-02,1769.75
2010-06-03,1713.25
2010-06-04,1610.0
2010-06-07,1596.5
2010-06-08,1702.5
2010-06-09,1722.25
2010-06-10,1689.25
2010-06-11,1709.25
2010-06-14,1764.5
2010-06-15,1807.0
2010-06-16,1795.0
2010-06-17,1731.75
2010-06-18,1697.0
2010-06-21,1740.75
2010-06-22,1759.5
2010-06-23,1795.0
2010-06-24,1841.75
2010-06-25,1841.5
2010-06-28,1847.75
2010-06-29,1709.75
2010-06-30,1759.5
2010-07-01,1708.5
2010-07-02,1748.75
2010-07-05,1775.0
2010-07-06,1818.0
2010-07-07,1822.0
2010-07-08,1825.75
2010-07-09,1875.25
2010-07-12,1828.25
2010-07-13,1839.25
2010-07-14,1824.5
2010-07-15,1782.5
2010-07-16,1770.5
2010-07-19,1781.5
2010-07-20,1848.25
2010-07-21,1890.25
2010-07-22,1922.0
2010-07-23,1879.15
2010-07-26,1925.75
2010-07-27,1880.95
2010-07-28,1926.5
2010-07-29,1963.0
2010-07-30,1999.0
2010-08-02,2095.25
2010-08-03,2056.75
2010-08-04,2091.75
2010-08-05,2069.0
2010-08-06,2100.25
2010-08-09,2119.75
2010-08-10,2054.25
2010-08-11,2006.0
2010-08-12,2027.0
2010-08-13,2018.25
2010-08-16,2043.0
2010-08-17,2093.5
2010-08-18,2105.75
2010-08-19,2061.5
2010-08-20,2029.5
2010-08-23,2014.5
2010-08-24,1960.0
2010-08-25,1932.0
2010-08-26,2019.75
2010-08-27,2065.0
2010-08-31,2034.25
2010-09-01,2103.25
2010-09-02,2145.0
2010-09-03,2121.75
2010-09-06,2166.25
2010-09-07,2159.75
2010-09-08,2189.75
2010-09-09,2125.25
2010-09-10,2082.75
2010-09-13,2121.0
2010-09-14,2151.0
2010-09-15,2118.25
2010-09-16,2121.25
2010-09-17,2124.5
2010-09-20,2151.0
2010-09-21,2113.0
2010-09-22,2161.0
2010-09-23,2220.25
2010-09-24,2218.0
2010-09-27,2177.0
2010-09-28,2189.5
2010-09-29,2195.25
2010-09-30,2166.0
2010-10-01,2200.5
2010-10-04,2199.0
2010-10-05,2281.75
2010-10-06,2303.5
2010-10-07,2232.5
2010-10-08,2261.75
2010-10-11,2301.75
2010-10-12,2341.75
2010-10-13,2381.25
2010-10-14,2385.95
2010-10-15,2394.85
2010-10-18,2395.5
2010-10-19,2359.0
2010-10-20,2407.5
2010-10-21,2444.0
2010-10-22,2484.5
2010-10-25,2536.75
2010-10-26,2587.5
2010-10-27,2483.0
2010-10-28,2466.5
2010-10-29,2396.0
2010-11-01,2422.5
2010-11-02,2427.75
2010-11-03,2380.0
2010-11-04,2487.75
2010-11-05,2503.0
2010-11-08,2453.0
2010-11-09,2554.5
2010-11-10,2500.0
2010-11-11,2518.75
2010-11-12,2372.0
2010-11-15,2315.25
2010-11-16,2131.5
2010-11-17,2097.75
2010-11-18,2168.0
2010-11-19,2142.25
2010-11-22,2120.75
2010-11-23,2069.5
2010-11-24,2107.25
2010-11-25,2189.0
2010-11-26,2094.5
2010-11-29,2072.75
2010-11-30,2104.75
2010-12-01,2147.5
2010-12-02,2252.25
2010-12-03,2208.0
2010-12-06,2209.75
2010-12-07,2298.0
2010-12-08,2301.0
2010-12-09,2293.0
2010-12-10,2273.5
2010-12-13,2315.5
2010-12-14,2288.25
2010-12-15,2247.0
2010-12-16,2209.5
2010-12-17,2265.0
2010-12-20,2277.0
2010-12-21,2318.5
2010-12-22,2319.0
2010-12-23,2286.25
2010-12-24,2296.25
2010-12-29,2385.75
2010-12-30,2398.75
2010-12-31,2444.0
2011-01-04,2460.25
2011-01-05,2457.0
2011-01-06,2447.25
2011-01-07,2436.0
2011-01-10,2368.5
2011-01-11,2393.25
2011-01-12,2467.5
2011-01-13,2451.5
2011-01-14,2444.75
2011-01-17,2439.75
2011-01-18,2421.0
2011-01-19,2374.0
2011-01-20,2313.5
2011-01-21,2301.5
2011-01-24,2284.25
2011-01-25,2203.75
2011-01-26,2262.25
2011-01-27,2243.75
2011-01-28,2337.5
2011-01-31,2409.0
2011-02-01,2451.75
2011-02-02,2454.0
2011-02-03,2451.75
2011-02-04,2485.75
2011-02-07,2488.5
2011-02-08,2491.0
2011-02-09,2437.25
2011-02-10,2429.5
2011-02-11,2444.75
2011-02-14,2500.0
2011-02-15,2467.0
2011-02-16,2459.75
2011-02-17,2485.75
2011-02-18,2527.0
2011-02-21,2569.0
2011-02-22,2460.25
2011-02-23,2465.75
2011-02-24,2444.0
2011-02-25,2463.75
2011-02-28,2492.5
2011-03-01,2488.0
2011-03-02,2452.25
2011-03-03,2486.5
2011-03-04,2436.0
2011-03-07,2342.5
2011-03-08,2366.25
2011-03-09,2245.25
2011-03-10,2264.0
2011-03-11,2252.5
2011-03-14,2301.75
2011-03-15,2255.0
2011-03-16,2263.0
2011-03-17,2310.75
2011-03-18,2304.25
2011-03-21,2260.0
2011-03-22,2310.5
2011-03-23,2404.5
2011-03-24,2403.0
2011-03-25,2359.25
2011-03-28,2321.5
2011-03-29,2358.25
2011-03-30,2321.5
2011-03-31,2347.5
2011-04-01,2380.75
2011-04-04,2401.0
2011-04-05,2403.5
2011-04-06,2428.0
2011-04-07,2431.25
2011-04-08,2512.75
2011-04-11,2524.0
2011-04-12,2447.5
2011-04-13,2400.0
2011-04-14,2378.75
2011-04-15,2380.0
2011-04-18,2307.75
2011-04-19,2310.0
2011-04-20,2337.1
2011-04-21,2343.0
2011-04-26,2243.25
2011-04-27,2224.0
2011-04-28,2234.0
2011-05-03,2227.75
2011-05-04,2172.25
2011-05-05,2106.25
2011-05-06,2121.5
2011-05-09,2147.0
2011-05-10,2156.25
2011-05-11,2143.25
2011-05-12,2127.75
2011-05-13,2134.5
2011-05-16,2135.0
2011-05-17,2070.25
2011-05-18,2167.25
2011-05-19,2114.5
2011-05-20,2130.75
2011-05-23,2097.5
2011-05-24,2170.25
2011-05-25,2226.5
2011-05-26,2241.0
2011-05-27,2255.75
2011-05-31,2246.75
2011-06-01,2238.5
2011-06-02,2201.0
2011-06-03,2239.75
2011-06-06,2253.0
2011-06-07,2250.5
2011-06-08,2271.25
2011-06-09,2265.0
2011-06-10,2235.5
2011-06-13,2227.0
2011-06-14,2261.5
2011-06-15,2225.0
2011-06-16,2182.75
2011-06-17,2165.5
2011-06-20,2146.75
2011-06-21,2185.75
2011-06-22,2226.75
2011-06-23,2234.5
2011-06-24,2229.75
2011-06-27,2228.5
2011-06-28,2254.25
2011-06-29,2293.75
2011-06-30,2342.0
2011-07-01,2342.0
2011-07-04,2373.75
2011-07-05,2384.75
2011-07-06,2354.0
2011-07-07,2386.25
2011-07-08,2329.75
2011-07-11,2283.0
2011-07-12,2319.75
2011-07-13,2332.25
2011-07-14,2321.75
2011-07-15,2349.35
2011-07-18,2402.75
2011-07-19,2461.25
2011-07-20,2424.25
2011-07-21,2422.0
2011-07-22,2467.0
2011-07-25,2441.0
2011-07-26,2502.5
2011-07-27,2494.75
2011-07-28,2495.0
2011-07-29,2465.75
2011-08-01,2435.75
2011-08-02,2414.75
2011-08-03,2350.5
2011-08-04,2303.0
2011-08-05,2173.5
2011-08-08,2062.0
2011-08-09,2072.0
2011-08-10,2071.75
2011-08-11,2157.0
2011-08-12,2148.5
2011-08-15,2154.25
2011-08-16,2153.75
2011-08-17,2187.75
2011-08-18,2151.5
2011-08-19,2165.75
2011-08-22,2124.75
2011-08-23,2162.25
2011-08-24,2149.75
2011-08-25,2202.0
2011-08-26,2220.75
2011-08-30,2257.75
2011-08-31,2264.25
2011-09-01,2212.5
2011-09-02,2170.0
2011-09-05,2148.0
2011-09-06,2165.25
2011-09-07,2218.25
2011-09-08,2230.75
2011-09-09,2167.25
2011-09-12,2193.0
2011-09-13,2173.0
2011-09-14,2140.0
2011-09-15,2168.75
2011-09-16,2137.6
2011-09-19,2077.0
2011-09-20,2058.75
2011-09-21,2052.25
2011-09-22,1986.75
2011-09-23,1888.0
2011-09-26,1858.5
2011-09-27,1949.5
2011-09-28,1918.5
2011-09-29,1903.5
2011-09-30,1837.75
2011-10-03,1869.75
2011-10-04,1837.0
2011-10-05,1822.75
2011-10-06,1846.75
2011-10-07,1899.75
2011-10-10,1929.5
2011-10-11,1891.25
2011-10-12,1925.25
2011-10-13,1904.0
2011-10-14,1912.5
2011-10-17,1885.25
2011-10-18,1861.5
2011-10-19,1817.75
2011-10-20,1720.25
2011-10-21,1785.75
2011-10-24,1855.75
2011-10-25,1821.0
2011-10-26,1834.5
2011-10-27,1926.25
2011-10-28,1968.5
2011-10-31,1984.75
2011-11-01,1899.0
2011-11-02,1919.0
2011-11-03,1962.0
2011-11-04,1943.75
2011-11-07,1944.0
2011-11-08,1993.5
2011-11-09,1926.0
2011-11-10,1881.75
2011-11-11,1914.25
2011-11-14,1935.75
2011-11-15,1898.0
2011-11-16,1951.0
2011-11-17,1916.5
2011-11-18,1956.75
2011-11-21,1907.5
2011-11-22,1937.5
2011-11-23,1915.0
2011-11-24,1885.5
2011-11-25,1907.25
2011-11-28,1954.25
2011-11-29,1955.5
2011-11-30,2073.25
2011-12-01,2049.5
2011-12-02,2057.75
2011-12-05,2037.0
2011-12-06,2041.5
2011-12-07,2020.75
2011-12-08,1975.5
2011-12-09,1995.75
2011-12-12,1927.0
2011-12-13,1910.75
2011-12-14,1851.5
2011-12-15,1847.75
2011-12-16,1867.75
2011-12-19,1833.0
2011-12-20,1856.75
2011-12-21,1837.25
2011-12-22,1836.5
2011-12-23,1840.5
2011-12-28,1793.5
2011-12-29,1815.75
2011-12-30,1827.25
2012-01-03,1861.25
2012-01-04,1853.5
2012-01-05,1819.0
2012-01-06,1839.25
2012-01-09,1868.75
2012-01-10,1921.25
2012-01-11,1927.25
2012-01-12,1959.75
2012-01-13,1953.75
2012-01-16,1957.75
2012-01-17,1991.75
2012-01-18,1989.25
2012-01-19,2013.0
2012-01-20,1993.5
2012-01-23,2041.5
2012-01-24,2107.75
2012-01-25,2158.5
2012-01-26,2189.25
2012-01-27,2132.75
2012-01-30,2107.25
2012-01-31,2087.75
2012-02-01,2113.0
2012-02-02,2078.75
2012-02-03,2138.75
2012-02-06,2114.5
2012-02-07,2105.0
2012-02-08,2100.75
2012-02-09,2148.25
2012-02-10,2065.25
2012-02-13,2058.75
2012-02-14,2015.25
2012-02-15,1992.0
2012-02-16,1958.75
2012-02-17,1924.75
2012-02-20,1960.5
2012-02-21,2006.75
2012-02-22,2047.5
2012-02-23,2030.75
2012-02-24,2068.25
2012-02-27,2085.5
2012-02-28,2109.5
2012-02-29,2091.0
2012-03-01,2082.0
2012-03-02,2097.25
2012-03-05,2063.0
2012-03-06,1991.0
2012-03-07,1993.75
2012-03-08,2031.0
2012-03-09,2054.25
2012-03-12,2076.25
2012-03-13,2094.75
2012-03-14,2059.75
2012-03-15,2081.25
2012-03-16,2069.6
2012-03-19,2070.5
2012-03-20,2022.5
2012-03-21,2005.25
2012-03-22,1984.5
2012-03-23,1995.25
2012-03-26,2011.75
2012-03-27,2024.0
2012-03-28,1989.0
2012-03-29,1998.75
2012-03-30,1995.0
2012-04-02,2003.25
2012-04-03,2022.5
2012-04-04,1976.25
2012-04-05,2000.0
2012-04-10,1992.0
2012-04-11,2000.25
2012-04-12,2045.0
2012-04-13,1986.75
2012-04-16,1997.0
2012-04-17,1980.5
2012-04-18,1978.5
2012-04-19,1986.25
2012-04-20,2014.0
2012-04-23,1974.25
2012-04-24,1986.25
2012-04-25,1991.75
2012-04-26,2028.0
2012-04-27,2034.0
2012-04-30,2054.5
2012-05-01,2046.5
2012-05-02,2010.5
2012-05-03,1978.0
2012-05-04,1992.25
2012-05-08,1972.0
2012-05-09,1937.5
2012-05-10,1965.75
2012-05-11,1950.25
2012-05-14,1921.0
2012-05-15,1935.25
2012-05-16,1899.5
2012-05-17,1897.0
2012-05-18,1893.5
2012-05-21,1898.25
2012-05-22,1904.25
2012-05-23,1868.5
2012-05-24,1877.75
2012-05-25,1902.75
2012-05-28,1902.75
2012-05-29,1910.5
2012-05-30,1887.0
2012-05-31,1865.5
2012-06-01,1885.0
2012-06-06,1871.25
2012-06-07,1903.25
2012-06-08,1863.25
2012-06-11,1887.75
2012-06-12,1876.5
2012-06-13,1882.5
2012-06-14,1901.25
2012-06-15,1913.75
2012-06-18,1885.0
2012-06-19,1901.5
2012-06-20,1862.75
2012-06-21,1818.0
2012-06-22,1795.5
2012-06-25,1804.75
2012-06-26,1776.75
2012-06-27,1757.75
2012-06-28,1795.75
2012-06-29,1880.5
2012-07-02,1873.0
2012-07-03,1902.0
2012-07-04,1892.5
2012-07-05,1848.0
2012-07-06,1841.0
2012-07-09,1848.75
2012-07-10,1826.0
2012-07-11,1851.25
2012-07-12,1847.0
2012-07-13,1872.25
2012-07-16,1885.0
2012-07-17,1858.5
2012-07-18,1861.75
2012-07-19,1881.25
2012-07-20,1832.75
2012-07-23,1806.0
2012-07-24,1787.0
2012-07-25,1792.0
2012-07-26,1807.75
2012-07-27,1851.0
2012-07-30,1853.25
2012-07-31,1832.5
2012-08-01,1811.75
2012-08-02,1801.25
2012-08-03,1829.0
2012-08-06,1838.25
2012-08-07,1862.25
2012-08-08,1858.25
2012-08-09,1847.0
2012-08-10,1819.0
2012-08-13,1798.75
2012-08-14,1797.75
2012-08-15,1780.75
2012-08-16,1761.5
2012-08-17,1773.25
2012-08-20,1771.25
2012-08-21,1786.75
2012-08-22,1814.75
2012-08-23,1842.5
2012-08-24,1858.75
2012-08-28,1849.75
2012-08-29,1831.5
2012-08-30,1809.25
2012-08-31,1815.75
2012-09-03,1849.75
2012-09-04,1853.5
2012-09-05,1867.25
2012-09-06,1887.0
2012-09-07,1946.0
2012-09-10,1989.25
2012-09-11,1991.25
2012-09-12,1987.0
2012-09-13,2004.5
2012-09-14,2085.75
2012-09-17,2056.75
2012-09-18,2078.25
2012-09-19,2094.75
2012-09-20,2085.0
2012-09-21,2086.5
2012-09-24,2072.5
2012-09-25,2105.5
2012-09-26,2039.0
2012-09-27,2053.25
2012-09-28,2064.25
2012-10-01,2074.25
2012-10-02,2063.75
2012-10-03,2050.25
2012-10-04,2032.0
2012-10-05,2042.75
2012-10-08,1997.75
2012-10-09,1969.25
2012-10-10,1936.0
2012-10-11,1928.95
2012-10-12,1897.1
2012-10-15,1875.25
2012-10-16,1858.0
2012-10-17,1881.25
2012-10-18,1882.0
2012-10-19,1846.25
2012-10-22,1815.5
2012-10-23,1806.5
2012-10-24,1815.25
2012-10-25,1796.25
2012-10-26,1794.75
2012-10-29,1784.0
2012-10-30,1815.25
2012-10-31,1828.75
2012-11-01,1849.25
2012-11-02,1836.0
2012-11-05,1830.0
2012-11-06,1862.75
2012-11-07,1862.25
2012-11-08,1899.0
2012-11-09,1862.5
2012-11-12,1906.0
2012-11-13,1910.25
2012-11-14,1924.75
2012-11-15,1929.0
2012-11-16,1892.25
2012-11-19,1914.25
2012-11-20,1912.25
2012-11-21,1892.75
2012-11-22,1902.0
2012-11-23,1941.5
2012-11-26,1963.75
2012-11-27,1972.0
2012-11-28,1968.0
2012-11-29,2013.0
2012-11-30,2029.25
2012-12-03,2021.25
2012-12-04,2002.25
2012-12-05,2005.25
2012-12-06,2000.5
2012-12-07,2004.75
2012-12-10,2057.5
2012-12-11,2054.5
2012-12-12,2070.5
2012-12-13,2049.85
2012-12-14,2064.55
2012-12-17,2057.25
2012-12-18,2054.75
2012-12-19,2053.75
2012-12-20,2037.0
2012-12-21,2051.5
2012-12-24,2038.0
2012-12-27,2073.5
2012-12-28,2022.0
2012-12-31,2049.5
2013-01-02,2108.5
2013-01-03,2058.25
2013-01-04,2008.75
2013-01-07,1985.75
2013-01-08,1987.0
2013-01-09,1986.25
2013-01-10,2014.0
2013-01-11,1991.25
2013-01-14,1972.0
2013-01-15,1968.75
2013-01-16,1955.0
2013-01-17,1989.25
2013-01-18,2016.75
2013-01-21,2015.25
2013-01-22,2035.5
2013-01-23,2066.25
2013-01-24,2074.0
2013-01-25,2066.25
2013-01-28,2060.75
2013-01-29,2072.5
2013-01-30,2133.75
2013-01-31,2125.25
2013-02-01,2155.75
2013-02-04,2161.25
2013-02-05,2150.25
2013-02-06,2143.0
2013-02-07,2139.5
2013-02-08,2181.75
2013-02-11,2167.25
2013-02-12,2185.0
2013-02-13,2169.0
2013-02-14,2163.25
2013-02-15,2146.5
2013-02-18,2128.0
2013-02-19,2130.25
2013-02-20,2107.75
2013-02-21,2088.5
2013-02-22,2069.75
2013-02-25,2076.75
2013-02-26,2091.0
2013-02-27,2073.0
2013-02-28,2046.25
2013-03-01,1997.5
2013-03-04,1975.25
2013-03-05,1982.5
2013-03-06,1956.0
2013-03-07,1970.75
2013-03-08,1955.0
2013-03-11,1937.5
2013-03-12,1961.75
2013-03-13,1953.25
2013-03-14,1943.75
2013-03-15,1919.0
2013-03-18,1884.25
2013-03-19,1891.0
2013-03-20,1898.5
2013-03-21,1904.75
2013-03-22,1922.5
2013-03-25,1914.75
2013-03-26,1872.5
2013-03-27,1878.0
2013-03-28,1864.5
2013-04-02,1817.75
2013-04-03,1821.75
2013-04-04,1855.5
2013-04-05,1851.25
2013-04-08,1859.25
2013-04-09,1887.5
2013-04-10,1875.75
2013-04-11,1878.25
2013-04-12,1839.6
2013-04-15,1832.75
2013-04-16,1859.75
2013-04-17,1841.0
2013-04-18,1854.5
2013-04-19,1851.0
2013-04-22,1844.75
2013-04-23,1842.75
2013-04-24,1884.25
2013-04-25,1902.75
2013-04-26,1861.75
2013-04-29,1871.5
2013-04-30,1834.25
2013-05-01,1805.75
2013-05-02,1785.25
2013-05-03,1853.0
2013-05-07,1837.75
2013-05-08,1860.75
2013-05-09,1839.75
2013-05-10,1827.5
2013-05-13,1830.5
2013-05-14,1814.0
2013-05-15,1791.75
2013-05-16,1801.25
2013-05-17,1809.5
2013-05-20,1822.5
2013-05-21,1819.25
2013-05-22,1848.25
2013-05-23,1824.75
2013-05-24,1821.5
2013-05-28,1834.0
2013-05-29,1848.75
2013-05-30,1881.75
2013-05-31,1893.75
2013-06-03,1919.0
2013-06-04,1931.25
2013-06-05,1929.75
2013-06-06,1897.75
2013-06-07,1869.0
2013-06-10,1853.5
2013-06-11,1817.0
2013-06-12,1828.25
2013-06-13,1803.0
2013-06-14,1823.25
2013-06-17,1821.5
2013-06-18,1820.25
2013-06-19,1822.5
2013-06-20,1792.75
2013-06-21,1807.25
2013-06-24,1788.25
2013-06-25,1814.0
2013-06-26,1803.5
2013-06-27,1817.5
2013-06-28,1821.0
2013-07-01,1858.0
2013-07-02,1864.5
2013-07-03,1831.5
2013-07-04,1831.75
2013-07-05,1808.5
2013-07-08,1846.0
2013-07-09,1833.75
2013-07-10,1864.5
2013-07-11,1867.0
2013-07-12,1868.75
2013-07-15,1856.0
2013-07-16,1851.75
2013-07-17,1818.0
2013-07-18,1821.0
2013-07-19,1829.25
2013-07-22,1841.25
2013-07-23,1851.0
2013-07-24,1849.75
2013-07-25,1842.75
2013-07-26,1820.25
2013-07-29,1808.5
2013-07-30,1797.5
2013-07-31,1804.0
2013-08-01,1816.75
2013-08-02,1828.0
2013-08-05,1831.25
2013-08-06,1819.0
2013-08-07,1808.75
2013-08-08,1857.25
2013-08-09,1907.0
2013-08-12,1904.5
2013-08-13,1904.75
2013-08-14,1915.25
2013-08-15,1921.0
2013-08-16,1969.25
2013-08-19,1948.5
2013-08-20,1948.0
2013-08-21,1927.0
2013-08-22,1936.0
2013-08-23,1949.75
2013-08-27,1945.5
2013-08-28,1920.0
2013-08-29,1898.25
2013-08-30,1868.5
2013-09-02,1870.0
2013-09-03,1870.5
2013-09-04,1835.0
2013-09-05,1831.25
2013-09-06,1855.25
2013-09-09,1846.0
2013-09-10,1834.75
2013-09-11,1834.25
2013-09-12,1839.25
2013-09-13,1831.25
2013-09-16,1827.5
2013-09-17,1820.25
2013-09-18,1830.25
2013-09-19,1868.25
2013-09-20,1834.0
2013-09-23,1856.5
2013-09-24,1837.0
2013-09-25,1849.0
2013-09-26,1861.5
2013-09-27,1871.0
2013-09-30,1881.75
2013-10-01,1840.0
2013-10-02,1851.25
2013-10-03,1830.0
2013-10-04,1835.0
2013-10-07,1836.0
2013-10-08,1845.0
2013-10-09,1847.5
2013-10-10,1857.5
2013-10-11,1879.75
2013-10-14,1888.75
2013-10-15,1889.25
2013-10-16,1888.75
2013-10-17,1894.25
2013-10-18,1898.0
2013-10-21,1905.25
2013-10-22,1928.5
2013-10-23,1896.5
2013-10-24,1900.5
2013-10-25,1920.5
2013-10-28,1932.5
2013-10-29,1933.0
2013-10-30,1934.5
2013-10-31,1919.0
2013-11-01,1906.25
2013-11-04,1888.0
2013-11-05,1886.5
2013-11-06,1876.25
2013-11-07,1868.5
2013-11-08,1872.75
2013-11-11,1861.5
2013-11-12,1851.0
2013-11-13,1851.25
2013-11-14,1856.0
2013-11-15,1869.0
2013-11-18,1854.0
2013-11-19,1865.25
2013-11-20,1859.25
2013-11-21,1861.5
2013-11-22,1882.0
2013-11-25,1874.0
2013-11-26,1858.25
2013-11-27,1843.25
2013-11-28,1844.25
2013-11-29,1866.0
2013-12-02,1857.0
2013-12-03,1854.0
2013-12-04,1874.75
2013-12-05,1877.75
2013-12-06,1888.75
2013-12-09,1916.0
2013-12-10,1948.75
2013-12-11,1967.0
2013-12-12,1958.25
2013-12-13,1975.75
2013-12-16,1987.75
2013-12-17,1998.25
2013-12-18,1979.25
2013-12-19,1979.0
2013-12-20,2037.5
2013-12-23,2058.75
2013-12-24,2082.0
2013-12-27,2100.5
2013-12-30,2105.5
2013-12-31,2053.0
2014-01-02,2075.0
2014-01-03,2035.5
2014-01-06,2042.5
2014-01-07,2046.5
2014-01-08,2028.0
2014-01-09,2002.25
2014-01-10,2026.25
2014-01-13,2064.5
2014-01-14,2073.0
2014-01-15,2081.5
2014-01-16,2074.5
2014-01-17,2079.0
2014-01-20,2076.0
2014-01-21,2090.5
2014-01-22,2079.0
2014-01-23,2033.75
2014-01-24,2006.0
2014-01-27,1996.0
2014-01-28,1989.25
2014-01-29,1978.25
2014-01-30,1971.25
2014-01-31,1964.0
2014-02-03,1954.75
2014-02-04,1952.75
2014-02-05,1971.0
2014-02-06,2012.5
2014-02-07,2030.0
2014-02-10,2006.25
2014-02-11,1996.25
2014-02-12,2018.75
2014-02-13,2023.75
2014-02-14,2043.75
2014-02-17,2064.25
2014-02-18,2072.0
2014-02-19,2059.75
2014-02-20,2049.75
2014-02-21,2046.0
2014-02-24,2052.0
2014-02-25,2064.0
2014-02-26,2077.5
2014-02-27,2084.5
2014-02-28,2111.0
2014-03-03,2107.0
2014-03-04,2146.75
2014-03-05,2128.5
2014-03-06,2124.0
2014-03-07,2083.0
2014-03-10,2057.0
2014-03-11,2015.0
2014-03-12,1992.0
2014-03-13,1984.5
2014-03-14,1978.25
2014-03-17,1952.75
2014-03-18,1969.25
2014-03-19,1971.5
2014-03-20,1943.0
2014-03-21,1943.75
2014-03-24,1933.75
2014-03-25,1982.25
2014-03-26,1959.75
2014-03-27,1960.75
2014-03-28,1963.0
2014-03-31,1970.25
2014-04-01,1962.25
2014-04-02,1967.0
2014-04-03,1978.25
2014-04-04,1998.75
2014-04-07,1993.75
2014-04-08,2017.0
2014-04-09,2010.0
2014-04-10,2031.75
2014-04-11,2016.0
2014-04-14,2042.0
2014-04-15,2031.0
2014-04-16,2053.25
2014-04-17,2049.0
2014-04-22,2070.0
2014-04-23,2049.0
2014-04-24,2070.25
2014-04-25,2052.0
2014-04-28,2062.25
2014-04-29,2050.5
2014-04-30,2040.25
2014-05-01,2021.5
2014-05-02,2041.5
2014-05-06,2048.25
2014-05-07,2023.5
2014-05-08,2032.75
2014-05-09,2028.25
2014-05-12,2067.0
2014-05-13,2052.5
2014-05-14,2098.0
2014-05-15,2054.25
2014-05-16,2059.75
2014-05-19,2085.0
2014-05-20,2074.75
2014-05-21,2060.5
2014-05-22,2072.75
2014-05-23,2078.0
2014-05-27,2086.0
2014-05-28,2076.0
2014-05-29,2063.75
2014-05-30,2055.5
2014-06-02,2088.25
2014-06-03,2095.75
2014-06-04,2082.25
2014-06-05,2089.0
2014-06-06,2103.25
2014-06-09,2126.5
2014-06-10,2120.75
2014-06-11,2109.5
2014-06-12,2061.5
2014-06-13,2075.0
2014-06-16,2091.25
2014-06-17,2110.5
2014-06-18,2123.5
2014-06-19,2142.25
2014-06-20,2166.75
2014-06-23,2176.75
2014-06-24,2166.75
2014-06-25,2174.5
2014-06-26,2185.25
2014-06-27,2186.5
2014-06-30,2214.25
2014-07-01,2179.5
2014-07-02,2242.5
2014-07-03,2232.0
2014-07-04,2231.25
2014-07-07,2255.75
2014-07-08,2279.75
2014-07-09,2290.5
2014-07-10,2271.75
2014-07-11,2300.75
2014-07-14,2300.75
2014-07-15,2289.0
2014-07-16,2292.25
2014-07-17,2296.5
2014-07-18,2288.5
2014-07-21,2331.0
2014-07-22,2360.25
2014-07-23,2362.0
2014-07-24,2390.5
2014-07-25,2392.5
2014-07-28,2417.25
2014-07-29,2371.5
2014-07-30,2391.0
2014-07-31,2377.5
2014-08-01,2343.0
2014-08-04,2390.5
2014-08-05,2383.0
2014-08-06,2354.5
2014-08-07,2321.75
2014-08-08,2289.5
2014-08-11,2295.25
2014-08-12,2320.25
2014-08-13,2270.75
2014-08-14,2265.0
2014-08-15,2264.25
2014-08-18,2273.25
2014-08-19,2296.25
2014-08-20,2356.75
2014-08-21,2360.0
2014-08-22,2347.5
2014-08-26,2352.0
2014-08-27,2354.0
2014-08-28,2343.0
2014-08-29,2359.25
2014-09-01,2358.75
2014-09-02,2375.5
2014-09-03,2362.0
2014-09-04,2390.75
2014-09-05,2383.75
2014-09-08,2379.5
2014-09-09,2290.5
2014-09-10,2295.75
2014-09-11,2253.0
2014-09-12,2269.0
2014-09-15,2242.0
2014-09-16,2272.5
2014-09-17,2258.25
2014-09-18,2256.75
2014-09-19,2264.5
2014-09-22,2229.5
2014-09-23,2246.75
2014-09-24,2272.25
2014-09-25,2257.5
2014-09-26,2258.25
2014-09-29,2282.5
2014-09-30,2281.75
2014-10-01,2261.5
2014-10-02,2244.75
2014-10-03,2258.25
2014-10-06,2302.0
2014-10-07,2311.5
2014-10-08,2310.75
2014-10-09,2327.75
2014-10-10,2308.5
2014-10-13,2329.5
2014-10-14,2341.5
2014-10-15,2273.25
2014-10-16,2214.0
2014-10-17,2247.5
2014-10-20,2212.5
2014-10-21,2207.5
2014-10-22,2258.0
2014-10-23,2257.0
2014-10-24,2258.5
2014-10-27,2258.0
2014-10-28,2258.0
2014-10-29,2303.75
2014-10-30,2307.5
2014-10-31,2315.5
2014-11-03,2308.25
2014-11-04,2250.25
2014-11-05,2218.5
2014-11-06,2223.25
2014-11-07,2240.75
2014-11-10,2237.0
2014-11-11,2261.0
2014-11-12,2275.0
2014-11-13,2244.25
2014-11-14,2252.25
2014-11-17,2248.0
2014-11-18,2237.0
2014-11-19,2244.0
2014-11-20,2245.0
2014-11-21,2292.0
2014-11-24,2285.5
2014-11-25,2267.0
2014-11-26,2269.5
2014-11-27,2253.25
2014-11-28,2212.75
2014-12-01,2232.5
2014-12-02,2207.5
2014-12-03,2210.0
2014-12-04,2231.0
2014-12-05,2229.25
2014-12-08,2206.75
2014-12-09,2208.25
2014-12-10,2165.0
2014-12-11,2180.75
2014-12-12,2178.5
2014-12-15,2158.75
2014-12-16,2124.25
2014-12-17,2126.0
2014-12-18,2115.0
2014-12-19,2172.25
2014-12-22,2160.25
2014-12-23,2158.75
2014-12-24,2148.5
2014-12-29,2134.25
2014-12-30,2176.5
2014-12-31,2167.0
2015-01-02,2194.75
2015-01-05,2173.0
2015-01-06,2163.0
2015-01-07,2122.5
2015-01-08,2148.25
2015-01-09,2145.5
2015-01-12,2127.5
2015-01-13,2070.5
2015-01-14,2024.0
2015-01-15,2054.25
2015-01-16,2091.75
2015-01-19,2074.0
2015-01-20,2095.0
2015-01-21,2135.0
2015-01-22,2135.25
2015-01-23,2085.25
2015-01-26,2126.0
2015-01-27,2097.75
2015-01-28,2108.75
2015-01-29,2082.25
2015-01-30,2119.75
2015-02-02,2124.0
2015-02-03,2148.25
2015-02-04,2131.0
2015-02-05,2135.75
2015-02-06,2152.5
2015-02-09,2149.5
2015-02-10,2102.25
2015-02-11,2105.5
2015-02-12,2135.75
2015-02-13,2140.75
2015-02-16,2138.75
2015-02-17,2089.5
2015-02-18,2072.75
2015-02-19,2061.75
2015-02-20,2031.0
2015-02-23,2030.75
2015-02-24,2060.5
2015-02-25,2042.25
2015-02-26,2054.5
2015-02-27,2048.25
2015-03-02,2038.5
2015-03-03,2008.75
2015-03-04,2009.0
2015-03-05,1999.25
2015-03-06,2000.5
2015-03-09,2021.75
2015-03-10,2000.5
2015-03-11,1979.0
2015-03-12,1993.0
2015-03-13,2000.5
2015-03-16,1991.25
2015-03-17,2001.75
2015-03-18,1977.25
2015-03-19,2010.25
2015-03-20,2053.75
2015-03-23,2077.25
2015-03-24,2076.75
2015-03-25,2070.75
2015-03-26,2079.0
2015-03-27,2072.25
2015-03-30,2099.0
2015-03-31,2072.0
2015-04-01,2094.0
2015-04-02,2121.25
2015-04-07,2145.0
2015-04-08,2151.75
2015-04-09,2171.5
2015-04-10,2202.5
2015-04-13,2199.5
2015-04-14,2183.5
2015-04-15,2191.5
2015-04-16,2222.0
2015-04-17,2206.25
2015-04-20,2170.75
2015-04-21,2201.25
2015-04-22,2232.25
2015-04-23,2219.5
2015-04-24,2244.5
2015-04-27,2303.5
2015-04-28,2306.0
2015-04-29,2321.0
2015-04-30,2367.0
2015-05-01,2364.0
2015-05-05,2433.5
2015-05-06,2381.5
2015-05-07,2385.0
2015-05-08,2361.75
2015-05-11,2312.0
2015-05-12,2366.5
2015-05-13,2347.0
2015-05-14,2311.25
2015-05-15,2289.5
2015-05-18,2280.75
2015-05-19,2222.0
2015-05-20,2189.5
2015-05-21,2181.0
2015-05-22,2168.5
2015-05-26,2168.0
2015-05-27,2182.25
2015-05-28,2228.25
2015-05-29,2182.0
2015-06-01,2147.5
2015-06-02,2150.25
2015-06-03,2161.75
2015-06-04,2131.25
2015-06-05,2117.75
2015-06-08,2128.25
2015-06-09,2148.75
2015-06-10,2124.0
2015-06-11,2107.75
2015-06-12,2112.5
2015-06-15,2092.25
2015-06-16,2077.0
2015-06-17,2062.25
2015-06-18,2051.75
2015-06-19,2031.25
2015-06-22,2020.0
2015-06-23,2043.0
2015-06-24,2034.25
2015-06-25,2027.25
2015-06-26,2025.0
2015-06-29,2016.5
2015-06-30,1995.75
2015-07-01,2041.0
2015-07-02,2015.5
2015-07-03,2011.75
2015-07-06,2009.25
2015-07-07,1923.25
2015-07-08,1980.5
2015-07-09,2010.25
2015-07-10,2004.25
2015-07-13,2045.5
2015-07-14,2044.25
2015-07-15,2068.5
2015-07-16,2063.0
2015-07-17,2056.25
2015-07-20,2046.25
2015-07-21,2030.5
2015-07-22,1995.5
2015-07-23,1977.25
2015-07-24,1945.75
2015-07-27,1926.0
2015-07-28,1978.5
2015-07-29,1973.0
2015-07-30,1957.25
2015-07-31,1912.5
2015-08-03,1900.0
2015-08-04,1911.75
2015-08-05,1883.75
2015-08-06,1857.25
2015-08-07,1851.75
2015-08-10,1872.0
2015-08-11,1795.25
2015-08-12,1822.25
2015-08-13,1831.5
2015-08-14,1827.75
2015-08-17,1809.0
2015-08-18,1758.5
2015-08-19,1780.25
2015-08-20,1810.5
2015-08-21,1762.0
2015-08-24,1701.5
2015-08-25,1733.75
2015-08-26,1684.75
2015-08-27,1752.0
2015-08-28,1807.25
2015-09-01,1804.5
2015-09-02,1810.75
2015-09-03,1803.5
2015-09-04,1779.25
2015-09-07,1765.75
2015-09-08,1807.75
2015-09-09,1810.25
2015-09-10,1805.75
2015-09-11,1804.75
2015-09-14,1737.75
2015-09-15,1718.75
2015-09-16,1728.5
2015-09-17,1706.75
2015-09-18,1673.0
2015-09-21,1641.0
2015-09-22,1612.25
2015-09-23,1634.0
2015-09-24,1660.75
2015-09-25,1615.75
2015-09-28,1613.25
2015-09-29,1640.0
2015-09-30,1671.0
2015-10-01,1669.25
2015-10-02,1665.5
2015-10-05,1643.0
2015-10-06,1634.25
2015-10-07,1670.25
2015-10-08,1644.25
2015-10-09,1816.25
2015-10-12,1820.75
2015-10-13,1797.0
2015-10-14,1792.25
2015-10-15,1802.25
2015-10-16,1777.25
2015-10-19,1768.5
2015-10-20,1737.75
2015-10-21,1701.0
2015-10-22,1726.25
2015-10-23,1732.5
2015-10-26,1719.75
2015-10-27,1720.5
2015-10-28,1720.75
2015-10-29,1687.25
2015-10-30,1689.0
2015-11-02,1659.0
2015-11-03,1668.5
2015-11-04,1656.25
2015-11-05,1638.75
2015-11-06,1636.0
2015-11-09,1621.0
2015-11-10,1584.25
2015-11-11,1607.5
2015-11-12,1597.5
2015-11-13,1602.5
2015-11-16,1565.75
2015-11-17,1526.5
2015-11-18,1495.25
2015-11-19,1515.5
2015-11-20,1550.0
2015-11-23,1531.0
2015-11-24,1567.0
2015-11-25,1562.5
2015-11-26,1587.25
2015-11-27,1532.25
2015-11-30,1545.25
2015-12-01,1557.0
2015-12-02,1530.25
2015-12-03,1503.0
2015-12-04,1531.5
2015-12-07,1511.0
2015-12-08,1512.5
2015-12-09,1515.0
2015-12-10,1514.0
2015-12-11,1534.0
2015-12-14,1533.5
2015-12-15,1483.75
2015-12-16,1500.0
2015-12-17,1475.75
2015-12-18,1497.5
2015-12-21,1514.5
2015-12-22,1499.25
2015-12-23,1540.25
2015-12-24,1534.25
2015-12-29,1586.25
2015-12-30,1617.5
2015-12-31,1592.75
2016-01-04,1549.75
2016-01-05,1555.25
2016-01-06,1529.75
2016-01-07,1492.0
2016-01-08,1496.25
2016-01-11,1467.75
2016-01-12,1454.5
2016-01-13,1483.0
2016-01-14,1503.75
2016-01-15,1468.25
2016-01-18,1487.0
2016-01-19,1506.25
2016-01-20,1477.75
2016-01-21,1501.75
2016-01-22,1508.5
2016-01-25,1514.0
2016-01-26,1590.5
2016-01-27,1616.25
2016-01-28,1577.0
2016-01-29,1628.0
2016-02-01,1652.0
2016-02-02,1678.0
2016-02-03,1699.5
2016-02-04,1718.25
2016-02-05,1677.5
2016-02-08,1721.75
2016-02-09,1686.5
2016-02-10,1713.0
2016-02-11,1711.0
2016-02-12,1710.5
2016-02-15,1682.25
2016-02-16,1656.0
2016-02-17,1647.0
2016-02-18,1699.25
2016-02-19,1748.25
2016-02-22,1785.0
2016-02-23,1736.25
2016-02-24,1747.0
2016-02-25,1724.5
2016-02-26,1754.5
2016-02-29,1758.75
2016-03-01,1779.75
2016-03-02,1810.25
2016-03-03,1838.75
2016-03-04,1851.5
2016-03-07,1803.5
2016-03-08,1753.25
2016-03-09,1789.75
2016-03-10,1761.5
2016-03-11,1798.75
2016-03-14,1778.25
2016-03-15,1734.0
2016-03-16,1742.75
2016-03-17,1831.25
2016-03-18,1838.0
2016-03-21,1870.0
2016-03-22,1865.75
2016-03-23,1831.0
2016-03-24,1786.75
2016-03-29,1773.75
2016-03-30,1789.0
2016-03-31,1808.0
2016-04-01,1864.25
2016-04-04,1845.5
2016-04-05,1802.0
2016-04-06,1796.75
2016-04-07,1741.25
2016-04-08,1745.0
2016-04-11,1748.0
2016-04-12,1820.5
2016-04-13,1874.75
2016-04-14,1854.1
2016-04-15,1860.25
2016-04-18,1880.5
2016-04-19,1923.0
2016-04-20,1925.25
2016-04-21,1904.5
2016-04-22,1901.0
2016-04-25,1871.25
2016-04-26,1888.0
2016-04-27,1878.75
2016-04-28,1905.25
2016-04-29,1933.0
2016-05-03,1889.5
2016-05-04,1880.5
2016-05-05,1855.5
2016-05-06,1883.5
2016-05-09,1830.0
2016-05-10,1841.75
2016-05-11,1897.25
2016-05-12,1861.75
2016-05-13,1880.25
2016-05-16,1890.25
2016-05-17,1892.75
2016-05-18,1877.0
2016-05-19,1850.75
2016-05-20,1861.0
2016-05-23,1835.5
2016-05-24,1823.25
2016-05-25,1829.0
2016-05-26,1877.25
2016-05-27,1901.0
2016-05-31,1922.75
2016-06-01,1968.25
2016-06-02,1979.5
2016-06-03,1989.25
2016-06-06,2023.75
2016-06-07,1998.25
2016-06-08,2057.5
2016-06-09,2063.75
2016-06-10,2080.0
2016-06-13,2066.25
2016-06-14,2007.25
2016-06-15,2026.5
2016-06-16,1980.75
2016-06-17,1971.75
2016-06-20,2000.75
2016-06-21,2018.25
2016-06-22,2040.75
2016-06-23,2036.0
2016-06-24,2015.75
2016-06-27,1992.5
2016-06-28,2071.75
2016-06-29,2085.75
2016-06-30,2102.0
2016-07-01,2151.5
2016-07-04,2113.25
2016-07-05,2105.5
2016-07-06,2100.25
2016-07-07,2092.25
2016-07-08,2138.5
2016-07-11,2135.5
2016-07-12,2189.0
2016-07-13,2172.75
2016-07-14,2186.0
2016-07-15,2200.5
2016-07-18,2213.25
2016-07-19,2237.0
2016-07-20,2240.0
2016-07-21,2248.25
2016-07-22,2240.25
2016-07-25,2244.75
2016-07-26,2224.75
2016-07-27,2170.0
2016-07-28,2202.5
2016-07-29,2242.5
2016-08-01,2265.75
2016-08-02,2271.75
2016-08-03,2270.25
2016-08-04,2253.0
2016-08-05,2264.25
2016-08-08,2274.5
2016-08-09,2270.25
2016-08-10,2284.25
2016-08-11,2270.75
2016-08-12,2232.5
2016-08-15,2260.0
2016-08-16,2250.5
2016-08-17,2268.5
2016-08-18,2293.5
2016-08-19,2286.75
2016-08-22,2282.0
2016-08-23,2305.25
2016-08-24,2281.75
2016-08-25,2302.5
2016-08-26,2319.5
2016-08-30,2314.75
2016-08-31,2318.75
2016-09-01,2343.5
2016-09-02,2368.0
2016-09-05,2359.5
2016-09-06,2317.5
2016-09-07,2315.5
2016-09-08,2304.5
2016-09-09,2281.0
2016-09-12,2251.25
2016-09-13,2221.25
2016-09-14,2261.0
2016-09-15,2216.75
2016-09-16,2200.5
2016-09-19,2236.75
2016-09-20,2288.0
2016-09-21,2260.25
2016-09-22,2284.25
2016-09-23,2266.75
2016-09-26,2280.0
2016-09-27,2313.75
2016-09-28,2330.0
2016-09-29,2353.75
2016-09-30,2377.0
2016-10-03,2403.5
2016-10-04,2377.25
2016-10-05,2333.0
2016-10-06,2313.0
2016-10-07,2313.5
2016-10-10,2312.75
2016-10-11,2234.5
2016-10-12,2250.0
2016-10-13,2227.25
2016-10-14,2245.75
2016-10-17,2261.5
2016-10-18,2271.0
2016-10-19,2293.5
2016-10-20,2271.25
2016-10-21,2247.75
2016-10-24,2300.25
2016-10-25,2356.0
2016-10-26,2329.0
2016-10-27,2356.0
2016-10-28,2391.25
2016-10-31,2453.5
2016-11-01,2453.75
2016-11-02,2412.75
2016-11-03,2474.75
2016-11-04,2434.5
2016-11-07,2453.25
2016-11-08,2464.0
2016-11-09,2475.75
2016-11-10,2510.5
2016-11-11,2457.75
2016-11-14,2593.25
2016-11-15,2597.0
2016-11-16,2507.0
2016-11-17,2517.0
2016-11-18,2522.75
2016-11-21,2563.0
2016-11-22,2585.75
2016-11-23,2656.25
2016-11-24,2710.75
2016-11-25,2806.5
2016-11-28,2886.25
2016-11-29,2686.0
2016-11-30,2688.0
2016-12-01,2712.5
2016-12-02,2650.75
2016-12-05,2748.25
2016-12-06,2782.25
2016-12-07,2720.75
2016-12-08,2670.75
2016-12-09,2694.0
2016-12-12,2713.25
2016-12-13,2686.75
2016-12-14,2791.5
2016-12-15,2799.5
2016-12-16,2710.75
2016-12-19,2588.5
2016-12-20,2617.0
2016-12-21,2600.0
2016-12-22,2614.75
2016-12-23,2562.25
2016-12-28,2567.25
2016-12-29,2507.75
2016-12-30,2557.75
2017-01-03,2503.25
2017-01-04,2602.75
2017-01-05,2601.0
2017-01-06,2600.5
2017-01-09,2646.75
2017-01-10,2700.75
2017-01-11,2680.25
2017-01-12,2709.75
2017-01-13,2774.25
2017-01-16,2733.5
2017-01-17,2701.25
2017-01-18,2758.5
2017-01-19,2753.0
2017-01-20,2754.5
2017-01-23,2775.75
2017-01-24,2811.5
2017-01-25,2787.75
2017-01-26,2751.25
2017-01-27,2741.5
2017-01-30,2770.25
2017-01-31,2852.75
2017-02-01,2872.5
2017-02-02,2840.5
2017-02-03,2793.75
2017-02-06,2792.5
2017-02-07,2794.25
2017-02-08,2849.5
2017-02-09,2831.5
2017-02-10,2935.0
2017-02-13,2923.5
2017-02-14,2904.25
2017-02-15,2869.0
2017-02-16,2851.25
2017-02-17,2803.25
2017-02-20,2886.5
2017-02-21,2873.25
2017-02-22,2860.5
2017-02-23,2787.0
2017-02-24,2825.0
2017-02-27,2800.75
2017-02-28,2817.25
2017-03-01,2853.25
2017-03-02,2772.75
2017-03-03,2767.0
2017-03-06,2731.5
2017-03-07,2685.25
2017-03-08,2700.0
2017-03-09,2669.5
2017-03-10,2687.5
2017-03-13,2724.75
2017-03-14,2730.5
2017-03-15,2788.5
2017-03-16,2811.0
2017-03-17,2864.0
2017-03-20,2843.75
2017-03-21,2809.0
2017-03-22,2836.0
2017-03-23,2794.5
2017-03-24,2811.75
2017-03-27,2742.0
2017-03-28,2804.25
2017-03-29,2838.75
2017-03-30,2852.5
2017-03-31,2750.25
2017-04-03,2681.0
2017-04-04,2708.75
2017-04-05,2750.25
2017-04-06,2701.25
2017-04-07,2663.0
2017-04-10,2591.5
2017-04-11,2546.25
2017-04-12,2589.0
2017-04-13,2610.5
2017-04-18,2504.0
2017-04-19,2528.0
2017-04-20,2617.5
2017-04-21,2571.5
2017-04-24,2590.0
2017-04-25,2591.5
2017-04-26,2615.25
2017-04-27,2590.75
2017-04-28,2618.5
2017-05-02,2649.5
2017-05-03,2566.5
2017-05-04,2566.25
2017-05-05,2582.5
2017-05-08,2589.75
2017-05-09,2609.0
2017-05-10,2586.0
2017-05-11,2585.0
2017-05-12,2550.0
2017-05-15,2561.25
2017-05-16,2532.0
2017-05-17,2546.25
2017-05-18,2518.25
2017-05-19,2604.0
2017-05-22,2619.75
2017-05-23,2648.0
2017-05-24,2625.0
2017-05-25,2624.5
2017-05-26,2631.0
2017-05-30,2613.0
2017-05-31,2587.0
2017-06-01,2557.25
2017-06-02,2514.5
2017-06-05,2469.0
2017-06-06,2442.0
2017-06-07,2428.75
2017-06-08,2449.5
2017-06-09,2515.0
2017-06-12,2476.0
2017-06-13,2454.25
2017-06-14,2476.0
2017-06-15,2489.25
2017-06-16,2512.25
2017-06-19,2544.75
2017-06-20,2545.0
2017-06-21,2631.5
2017-06-22,2697.25
2017-06-23,2704.0
2017-06-26,2717.0
2017-06-27,2747.25
2017-06-28,2735.0
2017-06-29,2756.0
2017-06-30,2753.25
2017-07-03,2802.0
2017-07-04,2793.5
2017-07-05,2779.5
2017-07-06,2783.25
2017-07-07,2791.0
2017-07-10,2777.75
2017-07-11,2819.5
2017-07-12,2830.5
2017-07-13,2805.0
2017-07-14,2786.25
2017-07-17,2808.25
2017-07-18,2783.5
2017-07-19,2736.25
2017-07-20,2717.5
2017-07-21,2747.5
2017-07-24,2783.5
2017-07-25,2834.25
2017-07-26,2803.75
2017-07-27,2796.25
2017-07-28,2767.0
2017-07-31,2785.0
2017-08-01,2768.25
2017-08-02,2788.5
2017-08-03,2782.25
2017-08-04,2801.5
2017-08-07,2847.5
2017-08-08,2917.75
2017-08-09,2919.75
2017-08-10,2925.5
2017-08-11,2882.75
2017-08-14,2901.5
2017-08-15,2946.0
2017-08-16,3107.5
2017-08-17,3052.5
2017-08-18,3117.0
2017-08-21,3119.0
2017-08-22,3110.0
2017-08-23,3089.5
2017-08-24,3112.25
2017-08-25,3055.25
2017-08-29,3103.0
2017-08-30,3087.25
2017-08-31,3141.5
2017-09-01,3185.0
2017-09-04,3205.25
2017-09-05,3138.0
2017-09-06,3091.5
2017-09-07,3125.5
2017-09-08,3028.5
2017-09-11,3080.75
2017-09-12,3056.0
2017-09-13,3022.25
2017-09-14,3009.25
2017-09-15,3042.5
2017-09-18,3127.5
2017-09-19,3125.25
2017-09-20,3149.25
2017-09-21,3117.25
2017-09-22,3077.0
2017-09-25,3162.5
2017-09-26,3168.0
2017-09-27,3149.5
2017-09-28,3188.0
2017-09-29,3205.25
2017-10-02,3273.0
2017-10-03,3313.5
2017-10-04,3364.5
2017-10-05,3353.5
2017-10-06,3297.5
2017-10-09,3301.0
2017-10-10,3352.0
2017-10-11,3295.0
2017-10-12,3341.0
2017-10-13,3294.0
2017-10-16,3228.0
2017-10-17,3109.75
2017-10-18,3179.0
2017-10-19,3170.0
2017-10-20,3152.0
2017-10-23,3186.0
2017-10-24,3245.5
2017-10-25,3269.0
2017-10-26,3274.0
2017-10-27,3230.0
2017-10-30,3271.0
2017-10-31,3322.0
2017-11-01,3325.5
2017-11-02,3296.0
2017-11-03,3251.0
2017-11-06,3264.0
2017-11-07,3202.0
2017-11-08,3236.5
2017-11-09,3228.5
2017-11-10,3267.25
2017-11-13,3242.0
2017-11-14,3184.0
2017-11-15,3193.0
2017-11-16,3184.0
2017-11-17,3215.5
2017-11-20,3196.0
2017-11-21,3221.0
2017-11-22,3260.25
2017-11-23,3268.5
2017-11-24,3262.75
2017-11-27,3212.5
2017-11-28,3178.0
2017-11-29,3179.25
2017-11-30,3177.25
2017-12-01,3266.5
2017-12-04,3188.0
2017-12-05,3130.0
2017-12-06,3099.5
2017-12-07,3100.75
2017-12-08,3090.0
2017-12-11,3129.5
2017-12-12,3154.0
2017-12-13,3152.5
2017-12-14,3187.0
2017-12-15,3204.5
2017-12-18,3190.0
2017-12-19,3192.25
2017-12-20,3207.75
2017-12-21,3235.0
2017-12-22,3265.25
2017-12-27,3275.0
2017-12-28,3318.0
2017-12-29,3337.5
2018-01-02,3372.5
2018-01-03,3346.5
2018-01-04,3384.5
2018-01-05,3380.0
2018-01-08,3405.0
2018-01-09,3350.5
2018-01-10,3358.25
2018-01-11,3412.0
2018-01-12,3435.5
2018-01-15,3470.0
2018-01-16,3449.75
2018-01-17,3408.0
2018-01-18,3400.0
2018-01-19,3440.0
2018-01-22,3439.5
2018-01-23,3432.75
2018-01-24,3464.5
2018-01-25,3502.5
2018-01-26,3519.5
2018-01-29,3600.5
2018-01-30,3546.25
2018-01-31,3595.5
2018-02-01,3606.0
2018-02-02,3550.25
2018-02-05,3595.75
2018-02-06,3507.75
2018-02-07,3429.0
2018-02-08,3466.25
2018-02-09,3412.0
2018-02-12,3408.5
2018-02-13,3492.5
2018-02-14,3591.0
2018-02-15,3594.5
2018-02-16,3598.5
2018-02-19,3577.25
2018-02-20,3568.75
2018-02-21,3568.0
2018-02-22,3572.0
2018-02-23,3552.75
2018-02-26,3572.75
2018-02-27,3517.5
2018-02-28,3477.0
2018-03-01,3414.5
2018-03-02,3358.0
2018-03-05,3298.75
2018-03-06,3305.0
2018-03-07,3256.5
2018-03-08,3226.5
2018-03-09,3276.25
2018-03-12,3236.75
2018-03-13,3291.5
2018-03-14,3222.5
2018-03-15,3233.25
2018-03-16,3263.5
2018-03-19,3264.5
2018-03-20,3202.5
2018-03-21,3248.25
2018-03-22,3200.5
2018-03-23,3214.5
2018-03-26,3266.25
2018-03-27,3288.25
2018-03-28,3301.0
2018-03-29,3284.0
2018-04-03,3290.5
2018-04-04,3263.0
2018-04-05,3240.0
2018-04-06,3233.5
2018-04-09,3206.0
2018-04-10,3234.5
2018-04-11,3229.5
2018-04-12,3086.5
2018-04-13,3106.0
2018-04-16,3124.75
2018-04-17,3138.25
2018-04-18,3248.5
2018-04-19,3209.0
2018-04-20,3224.5
2018-04-23,3214.5
2018-04-24,3194.5
2018-04-25,3128.5
2018-04-26,3136.5
2018-04-27,3127.0
2018-04-30,3125.5
2018-05-01,3043.0
2018-05-02,3031.75
2018-05-03,2988.25
2018-05-04,3046.0
2018-05-08,3046.5
2018-05-09,3061.5
2018-05-10,3073.0
2018-05-11,3063.75
2018-05-14,3035.75
2018-05-15,3045.25
2018-05-16,3064.5
2018-05-17,3092.75
2018-05-18,3096.5
2018-05-21,3099.0
2018-05-22,3049.5
2018-05-23,3024.5
2018-05-24,3035.5
2018-05-25,3049.0
2018-05-29,3089.25
2018-05-30,3124.5
2018-05-31,3097.5
2018-06-01,3101.75
2018-06-04,3144.0
2018-06-05,3219.0
2018-06-06,3212.5
2018-06-07,3205.0
2018-06-08,3225.5
2018-06-11,3232.0
2018-06-12,3230.25
2018-06-13,3255.5
2018-06-14,3220.5
2018-06-15,3119.75
2018-06-18,3107.0
2018-06-19,3034.0
2018-06-20,3037.0
2018-06-21,2970.5
2018-06-22,2976.5
2018-06-25,2913.5
2018-06-26,2887.25
2018-06-27,2923.0
2018-06-28,2939.0
2018-06-29,2906.5
2018-07-02,2878.0
2018-07-03,2844.25
2018-07-04,2752.75
2018-07-05,2738.0
2018-07-06,2763.0
2018-07-09,2716.0
2018-07-10,2655.0
2018-07-11,2586.0
2018-07-12,2589.5
2018-07-13,2596.0
2018-07-16,2502.0
2018-07-17,2534.0
2018-07-18,2631.0
2018-07-19,2591.5
2018-07-20,2618.0
2018-07-23,2580.0
2018-07-24,2652.5
2018-07-25,2630.5
2018-07-26,2628.0
2018-07-27,2655.5
2018-07-30,2617.25
2018-07-31,2676.0
2018-08-01,2614.0
2018-08-02,2622.0
2018-08-03,2675.0
2018-08-06,2620.25
2018-08-07,2643.0
2018-08-08,2654.0
2018-08-09,2632.0
2018-08-10,2550.0
2018-08-13,2469.5
2018-08-14,2438.0
2018-08-15,2283.5
2018-08-16,2384.0
2018-08-17,2390.5
2018-08-20,2381.5
2018-08-21,2426.0
2018-08-22,2470.25
2018-08-23,2475.0
2018-08-24,2541.0
2018-08-28,2544.0
2018-08-29,2514.25
2018-08-30,2474.5
2018-08-31,2461.75
2018-09-03,2469.5
2018-09-04,2424.5
2018-09-05,2428.0
2018-09-06,2447.5
2018-09-07,2423.0
2018-09-10,2378.5
2018-09-11,2301.25
2018-09-12,2359.25
2018-09-13,2344.75
2018-09-14,2316.25
2018-09-17,2299.5
2018-09-18,2326.0
2018-09-19,2416.5
2018-09-20,2445.0
2018-09-21,2498.75
2018-09-24,2562.0
2018-09-25,2514.0
2018-09-26,2553.75
2018-09-27,2527.0
2018-09-28,2658.5
2018-10-01,2699.5
2018-10-02,2685.0
2018-10-03,2678.0
2018-10-04,2682.5
2018-10-05,2667.5
2018-10-08,2655.0
2018-10-09,2719.5
2018-10-10,2636.0
2018-10-11,2633.5
2018-10-12,2675.75
2018-10-15,2626.5
2018-10-16,2638.5
2018-10-17,2710.5
2018-10-18,2731.5
2018-10-19,2676.5
2018-10-22,2719.0
2018-10-23,2721.5
2018-10-24,2710.0
2018-10-25,2689.5
2018-10-26,2704.0
2018-10-29,2680.5
2018-10-30,2602.5
2018-10-31,2551.75
2018-11-01,2595.75
2018-11-02,2600.5
2018-11-05,2560.5
2018-11-06,2541.5
2018-11-07,2502.5
2018-11-08,2587.5
2018-11-09,2586.0
2018-11-12,2563.0
2018-11-13,2545.5
2018-11-14,2566.75
2018-11-15,2649.0
2018-11-16,2684.75
2018-11-19,2697.0
2018-11-20,2645.0
2018-11-21,2662.5
2018-11-22,2672.0
2018-11-23,2613.5
2018-11-26,2550.0
2018-11-27,2514.0
2018-11-28,2545.0
2018-11-29,2568.0
2018-11-30,2655.0
2018-12-03,2692.5
2018-12-04,2711.0
2018-12-05,2743.0
2018-12-06,2707.0
2018-12-07,2681.0
2018-12-10,2645.5
2018-12-11,2667.0
2018-12-12,2645.5
2018-12-13,2633.0
2018-12-14,2569.0
2018-12-17,2589.5
2018-12-18,2579.0
2018-12-19,2604.5
2018-12-20,2590.0
2018-12-21,2553.5
2018-12-24,2530.0
2018-12-27,2557.0
2018-12-28,2493.0
2018-12-31,2518.5
2019-01-02,2470.0
2019-01-03,2454.0
2019-01-04,2510.0
2019-01-07,2575.0
2019-01-08,2531.0
2019-01-09,2513.5
2019-01-10,2475.5
2019-01-11,2498.0
2019-01-14,2489.0
2019-01-15,2457.0
2019-01-16,2498.5
2019-01-17,2554.25
2019-01-18,2590.5
2019-01-21,2596.5
2019-01-22,2588.5
2019-01-23,2628.0
2019-01-24,2648.5
2019-01-25,2682.5
2019-01-28,2689.5
2019-01-29,2661.5
2019-01-30,2692.25
2019-01-31,2730.0
2019-02-01,2789.0
2019-02-04,2808.0
2019-02-05,2741.75
2019-02-06,2705.0
2019-02-07,2722.75
2019-02-08,2702.0
2019-02-11,2643.25
2019-02-12,2601.75
2019-02-13,2593.0
2019-02-14,2588.5
2019-02-15,2651.0
2019-02-18,2655.5
2019-02-19,2680.5
2019-02-20,2724.5
2019-02-21,2703.5
2019-02-22,2742.5
2019-02-25,2737.25
2019-02-26,2765.0
2019-02-27,2775.5
2019-02-28,2813.5
2019-03-01,2821.5
2019-03-04,2769.5
2019-03-05,2801.25
2019-03-06,2802.5
2019-03-07,2738.5
2019-03-08,2723.5
2019-03-11,2778.5
2019-03-12,2890.0
2019-03-13,2888.0
2019-03-14,2880.0
2019-03-15,2830.5
2019-03-18,2817.0
2019-03-19,2850.0
2019-03-20,2896.5
2019-03-21,2869.5
2019-03-22,2846.0
2019-03-25,2868.5
2019-03-26,2920.0
2019-03-27,2943.0
2019-03-28,2928.5
2019-03-29,2999.75
2019-04-01,2995.5
2019-04-02,2920.0
2019-04-03,3000.0
2019-04-04,2968.0
2019-04-05,2981.0
2019-04-08,2956.0
2019-04-09,2921.0
2019-04-10,2947.5
2019-04-11,2941.0
2019-04-12,3031.0
2019-04-15,2985.5
2019-04-16,2899.0
2019-04-17,2917.0
2019-04-18,2867.0
2019-04-23,2842.0
2019-04-24,2848.5
2019-04-25,2865.0
2019-04-26,2887.5
2019-04-29,2920.5
2019-04-30,2960.0
2019-05-01,2862.0
2019-05-02,2816.0
2019-05-03,2871.0
2019-05-07,2805.0
2019-05-08,2751.5
2019-05-09,2709.0
2019-05-10,2751.5
2019-05-13,2708.0
2019-05-14,2714.25
2019-05-15,2755.5
2019-05-16,2788.0
2019-05-17,2750.5
2019-05-20,2723.25
2019-05-21,2724.5
2019-05-22,2682.0
2019-05-23,2675.0
2019-05-24,2721.0
2019-05-28,2723.0
2019-05-29,2690.0
2019-05-30,2710.0
2019-05-31,2668.0
2019-06-03,2612.0
2019-06-04,2609.5
2019-06-05,2579.0
2019-06-06,2641.5
2019-06-07,2613.0
2019-06-10,2627.0
2019-06-11,2654.5
2019-06-12,2627.5
2019-06-13,2584.0
2019-06-14,2562.5
2019-06-17,2588.0
2019-06-18,2630.0
2019-06-19,2594.5
2019-06-20,2569.5
2019-06-21,2546.5
2019-06-24,2613.0
2019-06-25,2659.5
2019-06-26,2595.0
2019-06-27,2553.0
2019-06-28,2565.0
2019-07-01,2529.0
2019-07-02,2537.0
2019-07-03,2493.0
2019-07-04,2434.5
2019-07-05,2404.0
2019-07-08,2369.5
2019-07-09,2354.5
2019-07-10,2405.0
2019-07-11,2437.0
2019-07-12,2448.25
2019-07-15,2456.0
2019-07-16,2486.0
2019-07-17,2475.0
2019-07-18,2456.0
2019-07-19,2413.5
2019-07-22,2404.0
2019-07-23,2431.0
2019-07-24,2455.5
2019-07-25,2437.0
2019-07-26,2448.0
2019-07-29,2486.5
2019-07-30,2468.0
2019-07-31,2441.5
2019-08-01,2397.0
2019-08-02,2341.0
2019-08-05,2305.0
2019-08-06,2302.5
2019-08-07,2251.0
2019-08-08,2297.0
2019-08-09,2225.0
2019-08-12,2269.25
2019-08-13,2313.25
2019-08-14,2249.5
2019-08-15,2254.75
2019-08-16,2249.25
2019-08-19,2250.5
2019-08-20,2216.5
2019-08-21,2290.5
2019-08-22,2245.0
2019-08-23,2253.0
2019-08-27,2277.75
2019-08-28,2258.5
2019-08-29,2275.0
2019-08-30,2212.0
2019-09-02,2258.5
2019-09-03,2215.0
2019-09-04,2324.0
2019-09-05,2354.0
2019-09-06,2333.25
2019-09-09,2313.5
2019-09-10,2341.5
2019-09-11,2359.5
2019-09-12,2343.0
2019-09-13,2383.5
2019-09-16,2369.0
2019-09-17,2352.5
2019-09-18,2322.25
2019-09-19,2315.0
2019-09-20,2312.0
2019-09-23,2342.0
2019-09-24,2296.75
2019-09-25,2309.0
2019-09-26,2340.5
2019-09-27,2349.5
2019-09-30,2428.5
2019-10-01,2334.5
2019-10-02,2353.5
2019-10-03,2335.5
2019-10-04,2336.5
2019-10-07,2307.5
2019-10-08,2318.0
2019-10-09,2327.0
2019-10-10,2428.0
2019-10-11,2456.0
2019-10-14,2444.0
2019-10-15,2458.25
2019-10-16,2465.5
2019-10-17,2472.0
2019-10-18,2488.0
2019-10-21,2504.0
2019-10-22,2498.5
2019-10-23,2504.0
2019-10-24,2532.25
2019-10-25,2554.0
2019-10-28,2590.0
2019-10-29,2587.0
2019-10-30,2569.0
2019-10-31,2525.0
2019-11-01,2581.0
2019-11-04,2601.0
2019-11-05,2547.75
2019-11-06,2518.75
2019-11-07,2531.0
2019-11-08,2523.5
2019-11-11,2542.0
2019-11-12,2517.5
2019-11-13,2457.0
2019-11-14,2434.0
2019-11-15,2410.5
2019-11-18,2363.0
2019-11-19,2364.5
2019-11-20,2338.5
2019-11-21,2318.0
2019-11-22,2332.25
2019-11-25,2305.5
2019-11-26,2323.75
2019-11-27,2323.5
2019-11-28,2302.5
2019-11-29,2299.5
2019-12-02,2261.25
2019-12-03,2213.0
2019-12-04,2259.0
2019-12-05,2239.25
2019-12-06,2242.5
2019-12-09,2241.0
2019-12-10,2224.5
2019-12-11,2218.5
2019-12-12,2262.5
2019-12-13,2252.25
2019-12-16,2301.5
2019-12-17,2286.75
2019-12-18,2301.0
2019-12-19,2327.75
2019-12-20,2344.0
2019-12-23,2293.75
2019-12-24,2279.0
2019-12-27,2311.5
2019-12-30,2312.25
2019-12-31,2279.5
2020-01-02,2322.75
2020-01-03,2320.75
2020-01-06,2334.5
2020-01-07,2362.0
2020-01-08,2419.0
2020-01-09,2386.25
2020-01-10,2387.75
2020-01-13,2389.75
2020-01-14,2383.5
2020-01-15,2398.75
2020-01-16,2441.25
2020-01-17,2449.25
2020-01-20,2466.25
2020-01-21,2478.25
2020-01-22,2408.5
2020-01-23,2356.5
2020-01-24,2353.0
2020-01-27,2252.0
2020-01-28,2244.25
2020-01-29,2223.75
2020-01-30,2204.75
2020-01-31,2212.0
2020-02-03,2155.0
2020-02-04,2171.75
2020-02-05,2214.75
2020-02-06,2209.75
2020-02-07,2140.5
2020-02-10,2126.0
2020-02-11,2140.5
2020-02-12,2140.0
2020-02-13,2163.75
2020-02-14,2134.75
2020-02-17,2156.75
2020-02-18,2131.0
2020-02-19,2112.0
2020-02-20,2099.75
2020-02-21,2096.0
2020-02-24,2026.5
2020-02-25,2010.25
2020-02-26,2028.5
2020-02-27,1997.5
2020-02-28,2009.75
2020-03-02,2009.5
2020-03-03,1955.75
2020-03-04,1961.5
2020-03-05,1991.5
2020-03-06,1965.25
2020-03-09,1961.75
2020-03-10,1961.75
2020-03-11,1977.0
2020-03-12,1924.75
2020-03-13,1972.0
2020-03-16,1927.5
2020-03-17,1853.75
2020-03-18,1827.75
2020-03-19,1837.0
2020-03-20,1845.0
2020-03-23,1810.75
2020-03-24,1802.75
2020-03-25,1820.5
2020-03-26,1848.25
2020-03-27,1867.75
2020-03-30,1838.0
2020-03-31,1894.75
2020-04-01,1858.25
2020-04-02,1878.0
2020-04-03,1872.0
2020-04-06,1894.5
2020-04-07,1915.5
2020-04-08,1910.1
2020-04-09,1886.75
2020-04-14,1908.0
2020-04-15,1919.5
2020-04-16,1927.25
2020-04-17,1948.5
2020-04-20,1936.0
2020-04-21,1902.5
2020-04-22,1883.5
2020-04-23,1861.25
2020-04-24,1873.25
2020-04-27,1894.25
2020-04-28,1924.25
2020-04-29,1939.5
2020-04-30,1934.49
2020-05-01,1904.49
2020-05-04,1890.0
2020-05-05,1909.24
2020-05-06,1976.0
2020-05-07,2002.25
2020-05-11,2027.25
2020-05-12,2003.25
2020-05-13,1972.25
2020-05-14,1958.25
2020-05-15,1965.75
2020-05-18,2029.25
2020-05-19,2036.5
2020-05-20,2043.5
2020-05-21,1987.75
2020-05-22,1989.75
2020-05-26,1983.5
2020-05-27,1919.4
2020-05-28,1940.0
2020-05-29,1992.75
2020-06-01,2022.75
2020-06-02,2015.55
2020-06-03,2019.5
2020-06-04,2031.5
2020-06-05,2047.75
2020-06-08,2034.75
2020-06-09,2006.85
2020-06-10,2011.0
2020-06-11,1996.9
2020-06-12,1966.27
2020-06-15,1973.25
2020-06-16,1984.25
2020-06-17,2010.5
2020-06-18,2046.75
2020-06-19,2083.4
2020-06-22,2085.0
2020-06-23,2034.25
2020-06-24,2030.5
2020-06-25,2043.5
2020-06-26,2030.5
2020-06-29,2054.25
2020-06-30,2036.75
2020-07-01,2030.0
2020-07-02,2030.51
2020-07-03,2015.0
2020-07-06,2051.5
2020-07-07,2056.75
2020-07-08,2117.1
2020-07-09,2143.75
2020-07-10,2183.5
2020-07-13,2253.75
2020-07-14,2184.5
2020-07-15,2191.75
2020-07-16,2216.25
2020-07-17,2173.0
2020-07-20,2191.25
2020-07-21,2235.75
2020-07-22,2206.25
2020-07-23,2234.75
2020-07-24,2213.5
2020-07-27,2228.5
2020-07-28,2240.64
2020-07-29,2290.5
2020-07-30,2279.0
2020-07-31,2308.0
2020-08-03,2313.0
2020-08-04,2329.0
2020-08-05,2398.0
2020-08-06,2398.5
2020-08-07,2391.5
2020-08-10,2383.0
2020-08-11,2394.0
2020-08-12,2382.2
2020-08-13,2354.5
2020-08-14,2347.5
2020-08-17,2422.5
2020-08-18,2438.25
2020-08-19,2484.5
2020-08-20,2466.89
2020-08-21,2430.85
2020-08-24,2419.5
2020-08-25,2456.25
2020-08-26,2439.75
2020-08-27,2460.0
2020-08-28,2491.25
2020-09-01,2529.25
2020-09-02,2506.0
2020-09-03,2485.25
2020-09-04,2454.5
2020-09-07,2478.5
2020-09-08,2387.75
2020-09-09,2396.45
2020-09-10,2391.5
2020-09-11,2448.25
2020-09-14,2457.25
2020-09-15,2474.75
2020-09-16,2506.6
2020-09-17,2495.4
2020-09-18,2521.25
2020-09-21,2440.75
2020-09-22,2446.5
2020-09-23,2383.5
2020-09-24,2353.75
2020-09-25,2356.75
2020-09-28,2421.4
2020-09-29,2410.75
2020-09-30,2388.0
2020-10-01,2309.25
2020-10-02,2307.75
2020-10-05,2291.5
2020-10-06,2343.85
2020-10-07,2336.75
2020-10-08,2347.0
2020-10-09,2419.0
2020-10-12,2423.5
2020-10-13,2399.5
2020-10-14,2400.75
2020-10-15,2409.75
2020-10-16,2419.5
2020-10-19,2473.75
2020-10-20,2512.0
2020-10-21,2552.75
2020-10-22,2565.0
2020-10-23,2549.0
2020-10-26,2528.5
2020-10-27,2533.0
2020-10-28,2519.75
2020-10-29,2523.25
2020-10-30,2513.75
